From 100001 to 200000
2017-02-15 13:14 Start
 Resuming work
2017-02-15 13:14 Refreshing browser
191200
191201
191202
191203
191204
191205
191206
191207
191208
191209
191210
191211
191212
191213
191214
191215
191216
191217
191218
191219
191220
191221
191222
191223
191224
191225
191226
191227
191228
191229
191230
191231
191232
191233
191234
191235
191236
191237
191238
191239
191240
191241
191242
191243
191244
191245
191246
191247
191248
191249
2017-02-15 13:19 Refreshing browser
191250
191251
191252
191253
191254
191255
191256
191257
191258
191259
191260
191261
191262
191263
191264
191265
191266
191267
191268
191269
191270
191271
191272
191273
191274
191275
191276
191277
191278
191279
191280
191281
191282
191283
191284
191285
191286
191287
191288
191289
191290
191291
191292
191293
