From 400001 to 500000
2017-02-24 14:10 Start
 Resuming work
2017-02-24 14:10 Refreshing browser
469850
469851
469852
469853
469854
469855
469856
469857
469858
469859
469860
469861
469862
469863
469864
469865
469866
469867
469868
469869
469870
469871
469872
469873
469874
469875
469876
469877
469878
469879
469880
469881
469882
469883
469884
469885
469886
469887
469888
469889
469890
469891
469892
469893
469894
469895
469896
469897
469898
469899
2017-02-24 14:14 Refreshing browser
469900
469901
469902
469903
469904
469905
469906
469907
469908
469909
469910
469911
469912
469913
469914
469915
469916
469917
469918
469919
469920
469921
469922
469923
469924
469925
469926
469927
469928
469929
469930
469931
469932
469933
469934
469935
469936
469937
469938
469939
469940
469941
469942
469943
469944
469945
469946
469947
469948
469949
2017-02-24 14:18 Refreshing browser
469950
469951
469952
469953
469954
469955
469956
469957
469958
469959
469960
469961
469962
469963
469964
469965
469966
469967
469968
469969
469970
469971
469972
469973
469974
469975
469976
469977
469978
469979
469980
469981
469982
469983
469984
469985
469986
469987
469988
469989
469990
469991
469992
469993
469994
469995
469996
469997
469998
469999
2017-02-24 14:22 Refreshing browser
470000
470001
470002
470003
470004
470005
470006
470007
470008
470009
470010
470011
470012
470013
470014
470015
470016
470017
470018
470019
470020
470021
470022
470023
470024
470025
470026
470027
470028
470029
470030
470031
470032
470033
470034
470035
470036
470037
470038
470039
470040
470041
470042
470043
470044
470045
470046
470047
470048
470049
2017-02-24 14:26 Refreshing browser
470050
470051
470052
470053
470054
470055
470056
470057
470058
470059
470060
470061
470062
470063
470064
470065
470066
470067
470068
470069
470070
470071
470072
470073
470074
470075
470076
470077
470078
470079
470080
470081
470082
470083
470084
470085
470086
470087
470088
470089
470090
470091
470092
470093
470094
470095
470096
470097
470098
470099
2017-02-24 14:30 Refreshing browser
470100
470101
470102
470103
470104
470105
470106
470107
470108
470109
470110
470111
470112
470113
470114
470115
470116
470117
470118
470119
470120
470121
470122
470123
470124
470125
470126
470127
470128
470129
470130
470131
470132
470133
470134
470135
470136
470137
470138
470139
470140
470141
470142
470143
470144
470145
470146
470147
470148
470149
2017-02-24 14:34 Refreshing browser
470150
470151
470152
470153
470154
470155
470156
470157
470158
470159
470160
470161
470162
470163
470164
470165
470166
470167
470168
470169
470170
470171
470172
470173
470174
470175
470176
470177
470178
470179
470180
470181
470182
470183
470184
470185
470186
470187
470188
470189
470190
470191
470192
470193
470194
470195
470196
470197
470198
470199
2017-02-24 14:38 Refreshing browser
470200
470201
470202
470203
470204
470205
470206
470207
470208
470209
470210
470211
470212
470213
470214
470215
470216
470217
470218
470219
470220
470221
470222
470223
470224
470225
470226
470227
470228
470229
470230
470231
470232
470233
470234
470235
470236
470237
470238
470239
470240
470241
470242
470243
470244
470245
470246
470247
470248
470249
2017-02-24 14:43 Refreshing browser
470250
470251
470252
470253
470254
470255
470256
470257
470258
470259
470260
470261
470262
470263
470264
470265
470266
470267
470268
470269
470270
470271
470272
470273
470274
470275
470276
470277
470278
470279
470280
470281
470282
470283
470284
470285
470286
470287
470288
470289
470290
470291
470292
470293
470294
470295
470296
470297
470298
470299
2017-02-24 14:47 Refreshing browser
470300
470301
470302
470303
470304
470305
470306
470307
470308
470309
470310
470311
470312
470313
470314
470315
470316
470317
470318
470319
470320
470321
470322
470323
470324
470325
470326
470327
470328
470329
470330
470331
470332
470333
470334
470335
470336
470337
470338
470339
470340
470341
470342
470343
470344
470345
470346
470347
470348
470349
2017-02-24 14:51 Refreshing browser
470350
470351
470352
470353
470354
470355
470356
470357
470358
470359
470360
470361
470362
470363
470364
470365
470366
470367
470368
470369
470370
470371
470372
470373
470374
470375
470376
470377
470378
470379
470380
470381
470382
470383
470384
470385
470386
470387
470388
470389
470390
470391
470392
470393
470394
470395
470396
470397
470398
470399
2017-02-24 14:54 Refreshing browser
470400
470401
470402
470403
470404
470405
470406
470407
470408
470409
470410
470411
470412
470413
470414
470415
470416
470417
470418
470419
470420
470421
470422
470423
470424
470425
470426
470427
470428
470429
470430
470431
470432
470433
470434
470435
470436
470437
470438
470439
470440
470441
470442
470443
470444
470445
470446
470447
470448
470449
2017-02-24 14:58 Refreshing browser
470450
470451
470452
470453
470454
470455
470456
470457
470458
470459
470460
470461
470462
470463
470464
470465
470466
470467
470468
470469
470470
470471
470472
470473
470474
470475
470476
470477
470478
470479
470480
470481
470482
470483
470484
470485
470486
470487
470488
470489
470490
470491
470492
470493
470494
470495
470496
470497
470498
470499
2017-02-24 15:02 Refreshing browser
470500
470501
470502
470503
470504
470505
470506
470507
470508
470509
470510
470511
470512
470513
470514
470515
470516
470517
470518
470519
470520
470521
470522
470523
470524
470525
470526
470527
470528
470529
470530
470531
470532
470533
470534
470535
470536
470537
470538
470539
470540
470541
470542
470543
470544
470545
470546
470547
470548
470549
2017-02-24 15:06 Refreshing browser
470550
470551
470552
470553
470554
470555
470556
470557
470558
470559
470560
470561
470562
470563
470564
470565
470566
470567
470568
470569
470570
470571
470572
470573
470574
470575
470576
470577
470578
470579
470580
470581
470582
470583
470584
470585
470586
470587
470588
470589
470590
470591
470592
470593
470594
470595
470596
470597
470598
470599
2017-02-24 15:10 Refreshing browser
470600
470601
470602
470603
470604
470605
470606
470607
470608
470609
470610
470611
470612
470613
470614
470615
470616
470617
470618
470619
470620
470621
470622
470623
470624
470625
470626
470627
470628
470629
470630
470631
470632
470633
470634
470635
470636
470637
470638
470639
470640
470641
470642
470643
470644
470645
470646
470647
470648
470649
2017-02-24 15:14 Refreshing browser
470650
470651
470652
470653
470654
470655
470656
470657
470658
470659
470660
470661
470662
470663
470664
470665
470666
470667
470668
470669
470670
470671
470672
470673
470674
470675
470676
470677
470678
470679
470680
470681
470682
470683
470684
470685
470686
470687
470688
470689
470690
470691
470692
470693
470694
470695
470696
470697
470698
470699
2017-02-24 15:19 Refreshing browser
470700
470701
470702
470703
470704
470705
470706
470707
470708
470709
470710
470711
470712
470713
470714
470715
470716
470717
470718
470719
470720
470721
470722
470723
470724
470725
470726
470727
470728
470729
470730
470731
470732
470733
470734
470735
470736
470737
470738
470739
470740
470741
470742
470743
470744
470745
470746
470747
470748
470749
2017-02-24 15:23 Refreshing browser
470750
470751
470752
470753
470754
470755
470756
470757
470758
470759
470760
470761
470762
470763
470764
470765
470766
470767
470768
470769
470770
470771
470772
470773
470774
470775
470776
470777
470778
470779
470780
470781
470782
470783
470784
470785
470786
470787
470788
470789
470790
470791
470792
470793
470794
470795
470796
470797
470798
470799
2017-02-24 15:27 Refreshing browser
470800
470801
470802
470803
470804
470805
470806
470807
470808
470809
470810
470811
470812
470813
470814
470815
470816
470817
470818
470819
470820
470821
470822
470823
470824
470825
470826
470827
470828
470829
470830
470831
470832
470833
470834
470835
470836
470837
470838
470839
470840
470841
470842
470843
470844
470845
470846
470847
470848
470849
2017-02-24 15:31 Refreshing browser
470850
470851
470852
470853
470854
470855
470856
470857
470858
470859
470860
470861
470862
470863
470864
470865
470866
470867
470868
470869
470870
470871
470872
470873
470874
470875
470876
470877
470878
470879
470880
470881
470882
470883
470884
470885
470886
470887
470888
470889
470890
470891
470892
470893
470894
470895
470896
470897
470898
470899
2017-02-24 15:35 Refreshing browser
470900
470901
470902
470903
470904
470905
470906
470907
470908
470909
470910
470911
470912
470913
470914
470915
470916
470917
470918
470919
470920
470921
470922
470923
470924
470925
470926
470927
470928
470929
470930
470931
470932
470933
470934
470935
470936
470937
470938
470939
470940
470941
470942
470943
470944
470945
470946
470947
470948
470949
2017-02-24 15:39 Refreshing browser
470950
470951
470952
470953
470954
470955
470956
470957
470958
470959
470960
470961
470962
470963
470964
470965
470966
470967
470968
470969
470970
470971
470972
470973
470974
470975
470976
470977
470978
470979
470980
470981
470982
470983
470984
470985
470986
470987
470988
470989
470990
470991
470992
470993
470994
470995
470996
470997
470998
470999
2017-02-24 15:43 Refreshing browser
471000
471001
471002
471003
471004
471005
471006
471007
471008
471009
471010
471011
471012
471013
471014
471015
471016
471017
471018
471019
471020
471021
471022
471023
471024
471025
471026
471027
471028
471029
471030
471031
471032
471033
471034
471035
471036
471037
471038
471039
471040
471041
471042
471043
471044
471045
471046
471047
471048
471049
2017-02-24 15:47 Refreshing browser
471050
471051
471052
471053
471054
471055
471056
471057
471058
471059
471060
471061
471062
471063
471064
471065
471066
471067
471068
471069
471070
471071
471072
471073
471074
471075
471076
471077
471078
471079
471080
471081
471082
471083
471084
471085
471086
471087
471088
471089
471090
471091
471092
471093
471094
471095
471096
471097
471098
471099
2017-02-24 15:51 Refreshing browser
471100
471101
471102
471103
471104
471105
471106
471107
471108
471109
471110
471111
471112
471113
471114
471115
471116
471117
471118
471119
471120
471121
471122
471123
471124
471125
471126
471127
471128
471129
471130
471131
471132
471133
471134
471135
471136
471137
471138
471139
471140
471141
471142
471143
471144
471145
471146
471147
471148
471149
2017-02-24 15:55 Refreshing browser
471150
471151
471152
471153
471154
471155
471156
471157
471158
471159
471160
471161
471162
471163
471164
471165
471166
471167
471168
471169
471170
471171
471172
471173
471174
471175
471176
471177
471178
471179
471180
471181
471182
471183
471184
471185
471186
471187
471188
471189
471190
471191
471192
471193
471194
471195
471196
471197
471198
471199
2017-02-24 15:59 Refreshing browser
471200
471201
471202
471203
471204
471205
471206
471207
471208
471209
471210
471211
471212
471213
471214
471215
471216
471217
471218
471219
471220
471221
471222
471223
471224
471225
471226
471227
471228
471229
471230
471231
471232
471233
471234
471235
471236
471237
471238
471239
471240
471241
471242
471243
471244
471245
471246
471247
471248
471249
2017-02-24 16:03 Refreshing browser
471250
471251
471252
471253
471254
471255
471256
471257
471258
471259
471260
471261
471262
471263
471264
471265
471266
471267
471268
471269
471270
471271
471272
471273
471274
471275
471276
471277
471278
471279
471280
471281
471282
471283
471284
471285
471286
471287
471288
471289
471290
471291
471292
471293
471294
471295
471296
471297
471298
471299
2017-02-24 16:07 Refreshing browser
471300
471301
471302
471303
471304
471305
471306
471307
471308
471309
471310
471311
471312
471313
471314
471315
471316
471317
471318
471319
471320
471321
471322
471323
471324
471325
471326
471327
471328
471329
471330
471331
471332
471333
471334
471335
471336
471337
471338
471339
471340
471341
471342
471343
471344
471345
471346
471347
471348
471349
2017-02-24 16:12 Refreshing browser
471350
471351
471352
471353
471354
471355
471356
471357
471358
471359
471360
471361
471362
471363
471364
471365
471366
471367
471368
471369
471370
471371
471372
471373
471374
471375
471376
471377
471378
471379
471380
471381
471382
471383
471384
471385
471386
471387
471388
471389
471390
471391
471392
471393
471394
471395
471396
471397
471398
471399
2017-02-24 16:16 Refreshing browser
471400
471401
471402
471403
471404
471405
471406
471407
471408
471409
471410
471411
471412
471413
471414
471415
471416
471417
471418
471419
471420
471421
471422
471423
471424
471425
471426
471427
471428
471429
471430
471431
471432
471433
471434
471435
471436
471437
471438
471439
471440
471441
471442
471443
471444
471445
471446
471447
471448
471449
2017-02-24 16:20 Refreshing browser
471450
471451
471452
471453
471454
471455
471456
471457
471458
471459
471460
471461
471462
471463
471464
471465
471466
471467
471468
471469
471470
471471
471472
471473
471474
471475
471476
471477
471478
471479
471480
471481
471482
471483
471484
471485
471486
471487
471488
471489
471490
471491
471492
471493
471494
471495
471496
471497
471498
471499
2017-02-24 16:24 Refreshing browser
471500
471501
471502
471503
471504
471505
471506
471507
471508
471509
471510
471511
471512
471513
471514
471515
471516
471517
471518
471519
471520
471521
471522
471523
471524
471525
471526
471527
471528
471529
471530
471531
471532
471533
471534
471535
471536
471537
471538
471539
471540
471541
471542
471543
471544
471545
471546
471547
471548
471549
2017-02-24 16:28 Refreshing browser
471550
471551
471552
471553
471554
471555
471556
471557
471558
471559
471560
471561
471562
471563
471564
471565
471566
471567
471568
471569
471570
471571
471572
471573
471574
471575
471576
471577
471578
471579
471580
471581
471582
471583
471584
471585
471586
471587
471588
471589
471590
471591
471592
471593
471594
471595
471596
471597
471598
471599
2017-02-24 16:32 Refreshing browser
471600
471601
471602
471603
471604
471605
471606
471607
471608
471609
471610
471611
471612
471613
471614
471615
471616
471617
471618
471619
471620
471621
471622
471623
471624
471625
471626
471627
471628
471629
471630
471631
471632
471633
471634
471635
471636
471637
471638
471639
471640
471641
471642
471643
471644
471645
471646
471647
471648
471649
2017-02-24 16:36 Refreshing browser
471650
471651
471652
471653
471654
471655
471656
471657
471658
471659
471660
471661
471662
471663
471664
471665
471666
471667
471668
471669
471670
471671
471672
471673
471674
471675
471676
471677
471678
471679
471680
471681
471682
471683
471684
471685
471686
471687
471688
471689
471690
471691
471692
471693
471694
471695
471696
471697
471698
471699
2017-02-24 16:40 Refreshing browser
471700
471701
471702
471703
471704
471705
471706
471707
471708
471709
471710
471711
471712
471713
471714
471715
471716
471717
471718
471719
471720
471721
471722
471723
471724
471725
471726
471727
471728
471729
471730
471731
471732
471733
471734
471735
471736
471737
471738
471739
471740
471741
471742
471743
471744
471745
471746
471747
471748
471749
2017-02-24 16:44 Refreshing browser
471750
471751
471752
471753
471754
471755
471756
471757
471758
471759
471760
471761
471762
471763
471764
471765
471766
471767
471768
471769
471770
471771
471772
471773
471774
471775
471776
471777
471778
471779
471780
471781
471782
471783
471784
471785
471786
471787
471788
471789
471790
471791
471792
471793
471794
471795
471796
471797
471798
471799
2017-02-24 16:48 Refreshing browser
471800
471801
471802
471803
471804
471805
471806
471807
471808
471809
471810
471811
471812
471813
471814
471815
471816
471817
471818
471819
471820
471821
471822
471823
471824
471825
471826
471827
471828
471829
471830
471831
471832
471833
471834
471835
471836
471837
471838
471839
471840
471841
471842
471843
471844
471845
471846
471847
471848
471849
2017-02-24 16:52 Refreshing browser
471850
471851
471852
471853
471854
471855
471856
471857
471858
471859
471860
471861
471862
471863
471864
471865
471866
471867
471868
471869
471870
471871
471872
471873
471874
471875
471876
471877
471878
471879
471880
471881
471882
471883
471884
471885
471886
471887
471888
471889
471890
471891
471892
471893
471894
471895
471896
471897
471898
471899
2017-02-24 16:56 Refreshing browser
471900
471901
471902
471903
471904
471905
471906
471907
471908
471909
471910
471911
471912
471913
471914
471915
471916
471917
471918
471919
471920
471921
471922
471923
471924
471925
471926
471927
471928
471929
471930
471931
471932
471933
471934
471935
471936
471937
471938
471939
471940
471941
471942
471943
471944
471945
471946
471947
471948
471949
2017-02-24 17:00 Refreshing browser
471950
471951
471952
471953
471954
471955
471956
471957
471958
471959
471960
471961
471962
471963
471964
471965
471966
471967
471968
471969
471970
471971
471972
471973
471974
471975
471976
471977
471978
471979
471980
471981
471982
471983
471984
471985
471986
471987
471988
471989
471990
471991
471992
471993
471994
471995
471996
471997
471998
471999
2017-02-24 17:04 Refreshing browser
472000
472001
472002
472003
472004
472005
472006
472007
472008
472009
472010
472011
472012
472013
472014
472015
472016
472017
472018
472019
472020
472021
472022
472023
472024
472025
472026
472027
472028
472029
472030
472031
472032
472033
472034
472035
472036
472037
472038
472039
472040
472041
472042
472043
472044
472045
472046
472047
472048
472049
2017-02-24 17:08 Refreshing browser
472050
472051
472052
472053
472054
472055
472056
472057
472058
472059
472060
472061
472062
472063
472064
472065
472066
472067
472068
472069
472070
472071
472072
472073
472074
472075
472076
472077
472078
472079
472080
472081
472082
472083
472084
472085
472086
472087
472088
472089
472090
472091
472092
472093
472094
472095
472096
472097
472098
472099
2017-02-24 17:12 Refreshing browser
472100
472101
472102
472103
472104
472105
472106
472107
472108
472109
472110
472111
472112
472113
472114
472115
472116
472117
472118
472119
472120
472121
472122
472123
472124
472125
472126
472127
472128
472129
472130
472131
472132
472133
472134
472135
472136
472137
472138
472139
472140
472141
472142
472143
472144
472145
472146
472147
472148
472149
2017-02-24 17:16 Refreshing browser
472150
472151
472152
472153
472154
472155
472156
472157
472158
472159
472160
472161
472162
472163
472164
472165
472166
472167
472168
472169
472170
472171
472172
472173
472174
472175
472176
472177
472178
472179
472180
472181
472182
472183
472184
472185
472186
472187
472188
472189
472190
472191
472192
472193
472194
472195
472196
472197
472198
472199
2017-02-24 17:20 Refreshing browser
472200
472201
472202
472203
472204
472205
472206
472207
472208
472209
472210
472211
472212
472213
472214
472215
472216
472217
472218
472219
472220
472221
472222
472223
472224
472225
472226
472227
472228
472229
472230
472231
472232
472233
472234
472235
472236
472237
472238
472239
472240
472241
472242
472243
472244
472245
472246
472247
472248
472249
2017-02-24 17:24 Refreshing browser
472250
472251
472252
472253
472254
472255
472256
472257
472258
472259
472260
472261
472262
472263
472264
472265
472266
472267
472268
472269
472270
472271
472272
472273
472274
472275
472276
472277
472278
472279
472280
472281
472282
472283
472284
472285
472286
472287
472288
472289
472290
472291
472292
472293
472294
472295
472296
472297
472298
472299
2017-02-24 17:28 Refreshing browser
472300
472301
472302
472303
472304
472305
472306
472307
472308
472309
472310
472311
472312
472313
472314
472315
472316
472317
472318
472319
472320
472321
472322
472323
472324
472325
472326
472327
472328
472329
472330
472331
472332
472333
472334
472335
472336
472337
472338
472339
472340
472341
472342
472343
472344
472345
472346
472347
472348
472349
2017-02-24 17:32 Refreshing browser
472350
472351
472352
472353
472354
472355
472356
472357
472358
472359
472360
472361
472362
472363
472364
472365
472366
472367
472368
472369
472370
472371
472372
472373
472374
472375
472376
472377
472378
472379
472380
472381
472382
472383
472384
472385
472386
472387
472388
472389
472390
472391
472392
472393
472394
472395
472396
472397
472398
472399
2017-02-24 17:36 Refreshing browser
472400
472401
472402
472403
472404
472405
472406
472407
472408
472409
472410
472411
472412
472413
472414
472415
472416
472417
472418
472419
472420
472421
472422
472423
472424
472425
472426
472427
472428
472429
472430
472431
472432
472433
472434
472435
472436
472437
472438
472439
472440
472441
472442
472443
472444
472445
472446
472447
472448
472449
2017-02-24 17:40 Refreshing browser
472450
472451
472452
472453
472454
472455
472456
472457
472458
472459
472460
472461
472462
472463
472464
472465
472466
472467
472468
472469
472470
472471
472472
472473
472474
472475
472476
472477
472478
472479
472480
472481
472482
472483
472484
472485
472486
472487
472488
472489
472490
472491
472492
472493
472494
472495
472496
472497
472498
472499
2017-02-24 17:44 Refreshing browser
472500
472501
472502
472503
472504
472505
472506
472507
472508
472509
472510
472511
472512
472513
472514
472515
472516
472517
472518
472519
472520
472521
472522
472523
472524
472525
472526
472527
472528
472529
472530
472531
472532
472533
472534
472535
472536
472537
472538
472539
472540
472541
472542
472543
472544
472545
472546
472547
472548
472549
2017-02-24 17:48 Refreshing browser
472550
472551
472552
472553
472554
472555
472556
472557
472558
472559
472560
472561
472562
472563
472564
472565
472566
472567
472568
472569
472570
472571
472572
472573
472574
472575
472576
472577
472578
472579
472580
472581
472582
472583
472584
472585
472586
472587
472588
472589
472590
472591
472592
472593
472594
472595
472596
472597
472598
472599
2017-02-24 17:53 Refreshing browser
472600
472601
472602
472603
472604
472605
472606
472607
472608
472609
472610
472611
472612
472613
472614
472615
472616
472617
472618
472619
472620
472621
472622
472623
472624
472625
472626
472627
472628
472629
472630
472631
472632
472633
472634
472635
472636
472637
472638
472639
472640
472641
472642
472643
472644
472645
472646
472647
472648
472649
2017-02-24 17:57 Refreshing browser
472650
472651
472652
472653
472654
472655
472656
472657
472658
472659
472660
472661
472662
472663
472664
472665
472666
472667
472668
472669
472670
472671
472672
472673
472674
472675
472676
472677
472678
472679
472680
472681
472682
472683
472684
472685
472686
472687
472688
472689
472690
472691
472692
472693
472694
472695
472696
472697
472698
472699
2017-02-24 18:01 Refreshing browser
472700
472701
472702
472703
472704
472705
472706
472707
472708
472709
472710
472711
472712
472713
472714
472715
472716
472717
472718
472719
472720
472721
472722
472723
472724
472725
472726
472727
472728
472729
472730
472731
472732
472733
472734
472735
472736
472737
472738
472739
472740
472741
472742
472743
472744
472745
472746
472747
472748
472749
2017-02-24 18:05 Refreshing browser
472750
472751
472752
472753
472754
472755
472756
472757
472758
472759
472760
472761
472762
472763
472764
472765
472766
472767
472768
472769
472770
472771
472772
472773
472774
472775
472776
472777
472778
472779
472780
472781
472782
472783
472784
472785
472786
472787
472788
472789
472790
472791
472792
472793
472794
472795
472796
472797
472798
472799
2017-02-24 18:09 Refreshing browser
472800
472801
472802
472803
472804
472805
472806
472807
472808
472809
472810
472811
472812
472813
472814
472815
472816
472817
472818
472819
472820
472821
472822
472823
472824
472825
472826
472827
472828
472829
472830
472831
472832
472833
472834
472835
472836
472837
472838
472839
472840
472841
472842
472843
472844
472845
472846
472847
472848
472849
2017-02-24 18:13 Refreshing browser
472850
472851
472852
472853
472854
472855
472856
472857
472858
472859
472860
472861
472862
472863
472864
472865
472866
472867
472868
472869
472870
472871
472872
472873
472874
472875
472876
472877
472878
472879
472880
472881
472882
472883
472884
472885
472886
472887
472888
472889
472890
472891
472892
472893
472894
472895
472896
472897
472898
472899
2017-02-24 18:17 Refreshing browser
472900
472901
472902
472903
472904
472905
472906
472907
472908
472909
472910
472911
472912
472913
472914
472915
472916
472917
472918
472919
472920
472921
472922
472923
472924
472925
472926
472927
472928
472929
472930
472931
472932
472933
472934
472935
472936
472937
472938
472939
472940
472941
472942
472943
472944
472945
472946
472947
472948
472949
2017-02-24 18:22 Refreshing browser
472950
472951
472952
472953
472954
472955
472956
472957
472958
472959
472960
472961
472962
472963
472964
472965
472966
472967
472968
472969
472970
472971
472972
472973
472974
472975
472976
472977
472978
472979
472980
472981
472982
472983
472984
472985
472986
472987
472988
472989
472990
472991
472992
472993
472994
472995
472996
472997
472998
472999
2017-02-24 18:26 Refreshing browser
473000
473001
473002
473003
473004
473005
473006
473007
473008
473009
473010
473011
473012
473013
473014
473015
473016
473017
473018
473019
473020
473021
473022
473023
473024
473025
473026
473027
473028
473029
473030
473031
473032
473033
473034
473035
473036
473037
473038
473039
473040
473041
473042
473043
473044
473045
473046
473047
473048
473049
2017-02-24 18:30 Refreshing browser
473050
473051
473052
473053
473054
473055
473056
473057
473058
473059
473060
473061
473062
473063
473064
473065
473066
473067
473068
473069
473070
473071
473072
473073
473074
473075
473076
473077
473078
473079
473080
473081
473082
473083
473084
473085
473086
473087
473088
473089
473090
473091
473092
473093
473094
473095
473096
473097
473098
473099
2017-02-24 18:34 Refreshing browser
473100
473101
473102
473103
473104
473105
473106
473107
473108
473109
473110
473111
473112
473113
473114
473115
473116
473117
473118
473119
473120
473121
473122
473123
473124
473125
473126
473127
473128
473129
473130
473131
473132
473133
473134
473135
473136
473137
473138
473139
473140
473141
473142
473143
473144
473145
473146
473147
473148
473149
2017-02-24 18:38 Refreshing browser
473150
473151
473152
473153
473154
473155
473156
473157
473158
473159
473160
473161
473162
473163
473164
473165
473166
473167
473168
473169
473170
473171
473172
473173
473174
473175
473176
473177
473178
473179
473180
473181
473182
473183
473184
473185
473186
473187
473188
473189
473190
473191
473192
473193
473194
473195
473196
473197
473198
473199
2017-02-24 18:42 Refreshing browser
473200
473201
473202
473203
473204
473205
473206
473207
473208
473209
473210
473211
473212
473213
473214
473215
473216
473217
473218
473219
473220
473221
473222
473223
473224
473225
473226
473227
473228
473229
473230
473231
473232
473233
473234
473235
473236
473237
473238
473239
473240
473241
473242
473243
473244
473245
473246
473247
473248
473249
2017-02-24 18:46 Refreshing browser
473250
473251
473252
473253
473254
473255
473256
473257
473258
473259
473260
473261
473262
473263
473264
473265
473266
473267
473268
473269
473270
473271
473272
473273
473274
473275
473276
473277
473278
473279
473280
473281
473282
473283
473284
473285
473286
473287
473288
473289
473290
473291
473292
473293
473294
473295
473296
473297
473298
473299
2017-02-24 18:50 Refreshing browser
473300
473301
473302
473303
473304
473305
473306
473307
473308
473309
473310
473311
473312
473313
473314
473315
473316
473317
473318
473319
473320
473321
473322
473323
473324
473325
473326
473327
473328
473329
473330
473331
473332
473333
473334
473335
473336
473337
473338
473339
473340
473341
473342
473343
473344
473345
473346
473347
473348
473349
2017-02-24 18:54 Refreshing browser
473350
473351
473352
473353
473354
473355
473356
473357
473358
473359
473360
473361
473362
473363
473364
473365
473366
473367
473368
473369
473370
473371
473372
473373
473374
473375
473376
473377
473378
473379
473380
473381
473382
473383
473384
473385
473386
473387
473388
473389
473390
473391
473392
473393
473394
473395
473396
473397
473398
473399
2017-02-24 18:58 Refreshing browser
473400
473401
473402
473403
473404
473405
473406
473407
473408
473409
473410
473411
473412
473413
473414
473415
473416
473417
473418
473419
473420
473421
473422
473423
473424
473425
473426
473427
473428
473429
473430
473431
473432
473433
473434
473435
473436
473437
473438
473439
473440
473441
473442
473443
473444
473445
473446
473447
473448
473449
2017-02-24 19:02 Refreshing browser
473450
473451
473452
473453
473454
473455
473456
473457
473458
473459
473460
473461
473462
473463
473464
473465
473466
473467
473468
473469
473470
473471
473472
473473
473474
473475
473476
473477
473478
473479
473480
473481
473482
473483
473484
473485
473486
473487
473488
473489
473490
473491
473492
473493
473494
473495
473496
473497
473498
473499
2017-02-24 19:06 Refreshing browser
473500
473501
473502
473503
473504
473505
473506
473507
473508
473509
473510
473511
473512
473513
473514
473515
473516
473517
473518
473519
473520
473521
473522
473523
473524
473525
473526
473527
473528
473529
473530
473531
473532
473533
473534
473535
473536
473537
473538
473539
473540
473541
473542
473543
473544
473545
473546
473547
473548
473549
2017-02-24 19:10 Refreshing browser
473550
473551
473552
473553
473554
473555
473556
473557
473558
473559
473560
473561
473562
473563
473564
473565
473566
473567
473568
473569
473570
473571
473572
473573
473574
473575
473576
473577
473578
473579
473580
473581
473582
473583
473584
473585
473586
473587
473588
473589
473590
473591
473592
473593
473594
473595
473596
473597
473598
473599
2017-02-24 19:14 Refreshing browser
473600
473601
473602
473603
473604
473605
473606
473607
473608
473609
473610
473611
473612
473613
473614
473615
473616
473617
473618
473619
473620
473621
473622
473623
473624
473625
473626
473627
473628
473629
473630
473631
473632
473633
473634
473635
473636
473637
473638
473639
473640
473641
473642
473643
473644
473645
473646
473647
473648
473649
2017-02-24 19:18 Refreshing browser
473650
473651
473652
473653
473654
473655
473656
473657
473658
473659
473660
473661
473662
473663
473664
473665
473666
473667
473668
473669
473670
473671
473672
473673
473674
473675
473676
473677
473678
473679
473680
473681
473682
473683
473684
473685
473686
473687
473688
473689
473690
473691
473692
473693
473694
473695
473696
473697
473698
473699
2017-02-24 19:22 Refreshing browser
473700
473701
473702
473703
473704
473705
473706
473707
473708
473709
473710
473711
473712
473713
473714
473715
473716
473717
473718
473719
473720
473721
473722
473723
473724
473725
473726
473727
473728
473729
473730
473731
473732
473733
473734
473735
473736
473737
473738
473739
473740
473741
473742
473743
473744
473745
473746
473747
473748
473749
2017-02-24 19:26 Refreshing browser
473750
473751
473752
473753
473754
473755
473756
473757
473758
473759
473760
473761
473762
473763
473764
473765
473766
473767
473768
473769
473770
473771
473772
473773
473774
473775
473776
473777
473778
473779
473780
473781
473782
473783
473784
473785
473786
473787
473788
473789
473790
473791
473792
473793
473794
473795
473796
473797
473798
473799
2017-02-24 19:31 Refreshing browser
473800
473801
473802
473803
473804
473805
473806
473807
473808
473809
473810
473811
473812
473813
473814
473815
473816
473817
473818
473819
473820
473821
473822
473823
473824
473825
473826
473827
473828
473829
473830
473831
473832
473833
473834
473835
473836
473837
473838
473839
473840
473841
473842
473843
473844
473845
473846
473847
473848
473849
2017-02-24 19:35 Refreshing browser
473850
473851
473852
473853
473854
473855
473856
473857
473858
473859
473860
473861
473862
473863
473864
473865
473866
473867
473868
473869
473870
473871
473872
473873
473874
473875
473876
473877
473878
473879
473880
473881
473882
473883
473884
473885
473886
473887
473888
473889
473890
473891
473892
473893
473894
473895
473896
473897
473898
473899
2017-02-24 19:39 Refreshing browser
473900
473901
473902
473903
473904
473905
473906
473907
473908
473909
473910
473911
473912
473913
473914
473915
473916
473917
473918
473919
473920
473921
473922
473923
473924
473925
473926
473927
473928
473929
473930
473931
473932
473933
473934
473935
473936
473937
473938
473939
473940
473941
473942
473943
473944
473945
473946
473947
473948
473949
2017-02-24 19:43 Refreshing browser
473950
473951
473952
473953
473954
473955
473956
473957
473958
473959
473960
473961
473962
473963
473964
473965
473966
473967
473968
473969
473970
473971
473972
473973
473974
473975
473976
473977
473978
473979
473980
473981
473982
473983
473984
473985
473986
473987
473988
473989
473990
473991
473992
473993
473994
473995
473996
473997
473998
473999
2017-02-24 19:47 Refreshing browser
474000
474001
474002
474003
474004
474005
474006
474007
474008
474009
474010
474011
474012
474013
474014
474015
474016
474017
474018
474019
474020
474021
474022
474023
474024
474025
474026
474027
474028
474029
474030
474031
474032
474033
474034
474035
474036
474037
474038
474039
474040
474041
474042
474043
474044
474045
474046
474047
474048
474049
2017-02-24 19:51 Refreshing browser
474050
474051
474052
474053
474054
474055
474056
474057
474058
474059
474060
474061
474062
474063
474064
474065
474066
474067
474068
474069
474070
474071
474072
474073
474074
474075
474076
474077
474078
474079
474080
474081
474082
474083
474084
474085
474086
474087
474088
474089
474090
474091
474092
474093
474094
474095
474096
474097
474098
474099
2017-02-24 19:55 Refreshing browser
474100
474101
474102
474103
474104
474105
474106
474107
474108
474109
474110
474111
474112
474113
474114
474115
474116
474117
474118
474119
474120
474121
474122
474123
474124
474125
474126
474127
474128
474129
474130
474131
474132
474133
474134
474135
474136
474137
474138
474139
474140
474141
474142
474143
474144
474145
474146
474147
474148
474149
2017-02-24 19:59 Refreshing browser
474150
474151
474152
474153
474154
474155
474156
474157
474158
474159
474160
474161
474162
474163
474164
474165
474166
474167
474168
474169
474170
474171
474172
474173
474174
474175
474176
474177
474178
474179
474180
474181
474182
474183
474184
474185
474186
474187
474188
474189
474190
474191
474192
474193
474194
474195
474196
474197
474198
474199
2017-02-24 20:03 Refreshing browser
474200
474201
474202
474203
474204
474205
474206
474207
474208
474209
474210
474211
474212
474213
474214
474215
474216
474217
474218
474219
474220
474221
474222
474223
474224
474225
474226
474227
474228
474229
474230
474231
474232
474233
474234
474235
474236
474237
474238
474239
474240
474241
474242
474243
474244
474245
474246
474247
474248
474249
2017-02-24 20:08 Refreshing browser
474250
474251
474252
474253
474254
474255
474256
474257
474258
474259
474260
474261
474262
474263
474264
474265
474266
474267
474268
474269
474270
474271
474272
474273
474274
474275
474276
474277
474278
474279
474280
474281
474282
474283
474284
474285
474286
474287
474288
474289
474290
474291
474292
474293
474294
474295
474296
474297
474298
474299
2017-02-24 20:12 Refreshing browser
474300
474301
474302
474303
474304
474305
474306
474307
474308
474309
474310
474311
474312
474313
474314
474315
474316
474317
474318
474319
474320
474321
474322
474323
474324
474325
474326
474327
474328
474329
474330
474331
474332
474333
474334
474335
474336
474337
474338
474339
474340
474341
474342
474343
474344
474345
474346
474347
474348
474349
2017-02-24 20:16 Refreshing browser
474350
474351
474352
474353
474354
474355
474356
474357
474358
474359
474360
474361
474362
474363
474364
474365
474366
474367
474368
474369
474370
474371
474372
474373
474374
474375
474376
474377
474378
474379
474380
474381
474382
474383
474384
474385
474386
474387
474388
474389
474390
474391
474392
474393
474394
474395
474396
474397
474398
474399
2017-02-24 20:20 Refreshing browser
474400
474401
474402
474403
474404
474405
474406
474407
474408
474409
474410
474411
474412
474413
474414
474415
474416
474417
474418
474419
474420
474421
474422
474423
474424
474425
474426
474427
474428
474429
474430
474431
474432
474433
474434
474435
474436
474437
474438
474439
474440
474441
474442
474443
474444
474445
474446
474447
474448
474449
2017-02-24 20:24 Refreshing browser
474450
474451
474452
474453
474454
474455
474456
474457
474458
474459
474460
474461
474462
474463
474464
474465
474466
474467
474468
474469
474470
474471
474472
474473
474474
474475
474476
474477
474478
474479
474480
474481
474482
474483
474484
474485
474486
474487
474488
474489
474490
474491
474492
474493
474494
474495
474496
474497
474498
474499
2017-02-24 20:28 Refreshing browser
474500
474501
474502
474503
474504
474505
474506
474507
474508
474509
474510
474511
474512
474513
474514
474515
474516
474517
474518
474519
474520
474521
474522
474523
474524
474525
474526
474527
474528
474529
474530
474531
474532
474533
474534
474535
474536
474537
474538
474539
474540
474541
474542
474543
474544
474545
474546
474547
474548
474549
2017-02-24 20:32 Refreshing browser
474550
474551
474552
474553
474554
474555
474556
474557
474558
474559
474560
474561
474562
474563
474564
474565
474566
474567
474568
474569
474570
474571
474572
474573
474574
474575
474576
474577
474578
474579
474580
474581
474582
474583
474584
474585
474586
474587
474588
474589
474590
474591
474592
474593
474594
474595
474596
474597
474598
474599
2017-02-24 20:36 Refreshing browser
474600
474601
474602
474603
474604
474605
474606
474607
474608
474609
474610
474611
474612
474613
474614
474615
474616
474617
474618
474619
474620
474621
474622
474623
474624
474625
474626
474627
474628
474629
474630
474631
474632
474633
474634
474635
474636
474637
474638
474639
474640
474641
474642
474643
474644
474645
474646
474647
474648
474649
2017-02-24 20:41 Refreshing browser
474650
474651
474652
474653
474654
474655
474656
474657
474658
474659
474660
474661
474662
474663
474664
474665
474666
474667
474668
474669
474670
474671
474672
474673
474674
474675
474676
474677
474678
474679
474680
474681
474682
474683
474684
474685
474686
474687
474688
474689
474690
474691
474692
474693
474694
474695
474696
474697
474698
474699
2017-02-24 20:45 Refreshing browser
474700
474701
474702
474703
474704
474705
474706
474707
474708
474709
474710
474711
474712
474713
474714
474715
474716
474717
474718
474719
474720
474721
474722
474723
474724
474725
474726
474727
474728
474729
474730
474731
474732
474733
474734
474735
474736
474737
474738
474739
474740
474741
474742
474743
474744
474745
474746
474747
474748
474749
2017-02-24 20:49 Refreshing browser
474750
474751
474752
474753
474754
474755
474756
474757
474758
474759
474760
474761
474762
474763
474764
474765
474766
474767
474768
474769
474770
474771
474772
474773
474774
474775
474776
474777
474778
474779
474780
474781
474782
474783
474784
474785
474786
474787
474788
474789
474790
474791
474792
474793
474794
474795
474796
474797
474798
474799
2017-02-24 20:53 Refreshing browser
474800
474801
474802
474803
474804
474805
474806
474807
474808
474809
474810
474811
474812
474813
474814
474815
474816
474817
474818
474819
474820
474821
474822
474823
474824
474825
474826
474827
474828
474829
474830
474831
474832
474833
474834
474835
474836
474837
474838
474839
474840
474841
474842
474843
474844
474845
474846
474847
474848
474849
2017-02-24 20:57 Refreshing browser
474850
474851
474852
474853
474854
474855
474856
474857
474858
474859
474860
474861
474862
474863
474864
474865
474866
474867
474868
474869
474870
474871
474872
474873
474874
474875
474876
474877
474878
474879
474880
474881
474882
474883
474884
474885
474886
474887
474888
474889
474890
474891
474892
474893
474894
474895
474896
474897
474898
474899
2017-02-24 21:01 Refreshing browser
474900
474901
474902
474903
474904
474905
474906
474907
474908
474909
474910
474911
474912
474913
474914
474915
474916
474917
474918
474919
474920
474921
474922
474923
474924
474925
474926
474927
474928
474929
474930
474931
474932
474933
474934
474935
474936
474937
474938
474939
474940
474941
474942
474943
474944
474945
474946
474947
474948
474949
2017-02-24 21:05 Refreshing browser
474950
474951
474952
474953
474954
474955
474956
474957
474958
474959
474960
474961
474962
474963
474964
474965
474966
474967
474968
474969
474970
474971
474972
474973
474974
474975
474976
474977
474978
474979
474980
474981
474982
474983
474984
474985
474986
474987
474988
474989
474990
474991
474992
474993
474994
474995
474996
474997
474998
474999
2017-02-24 21:09 Refreshing browser
475000
475001
475002
475003
475004
475005
475006
475007
475008
475009
475010
475011
475012
475013
475014
475015
475016
475017
475018
475019
475020
475021
475022
475023
475024
475025
475026
475027
475028
475029
475030
475031
475032
475033
475034
475035
475036
475037
475038
475039
475040
475041
475042
475043
475044
475045
475046
475047
475048
475049
2017-02-24 21:13 Refreshing browser
475050
475051
475052
475053
475054
475055
475056
475057
475058
475059
475060
475061
475062
475063
475064
475065
475066
475067
475068
475069
475070
475071
475072
475073
475074
475075
475076
475077
475078
475079
475080
475081
475082
475083
475084
475085
475086
475087
475088
475089
475090
475091
475092
475093
475094
475095
475096
475097
475098
475099
2017-02-24 21:17 Refreshing browser
475100
475101
475102
475103
475104
475105
475106
475107
475108
475109
475110
475111
475112
475113
475114
475115
475116
475117
475118
475119
475120
475121
475122
475123
475124
475125
475126
475127
475128
475129
475130
475131
475132
475133
475134
475135
475136
475137
475138
475139
475140
475141
475142
475143
475144
475145
475146
475147
475148
475149
2017-02-24 21:22 Refreshing browser
475150
475151
475152
475153
475154
475155
475156
475157
475158
475159
475160
475161
475162
475163
475164
475165
475166
475167
475168
475169
475170
475171
475172
475173
475174
475175
475176
475177
475178
475179
475180
475181
475182
475183
475184
475185
475186
475187
475188
475189
475190
475191
475192
475193
475194
475195
475196
475197
475198
475199
2017-02-24 21:26 Refreshing browser
475200
475201
475202
475203
475204
475205
475206
475207
475208
475209
475210
475211
475212
475213
475214
475215
475216
475217
475218
475219
475220
475221
475222
475223
475224
475225
475226
475227
475228
475229
475230
475231
475232
475233
475234
475235
475236
475237
475238
475239
475240
475241
475242
475243
475244
475245
475246
475247
475248
475249
2017-02-24 21:30 Refreshing browser
475250
475251
475252
475253
475254
475255
475256
475257
475258
475259
475260
475261
475262
475263
475264
475265
475266
475267
475268
475269
475270
475271
475272
475273
475274
475275
475276
475277
475278
475279
475280
475281
475282
475283
475284
475285
475286
475287
475288
475289
475290
475291
475292
475293
475294
475295
475296
475297
475298
475299
2017-02-24 21:34 Refreshing browser
475300
475301
475302
475303
475304
475305
475306
475307
475308
475309
475310
475311
475312
475313
475314
475315
475316
475317
475318
475319
475320
475321
475322
475323
475324
475325
475326
475327
475328
475329
475330
475331
475332
475333
475334
475335
475336
475337
475338
475339
475340
475341
475342
475343
475344
475345
475346
475347
475348
475349
2017-02-24 21:38 Refreshing browser
475350
475351
475352
475353
475354
475355
475356
475357
475358
475359
475360
475361
475362
475363
475364
475365
475366
475367
475368
475369
475370
475371
475372
475373
475374
475375
475376
475377
475378
475379
475380
475381
475382
475383
475384
475385
475386
475387
475388
475389
475390
475391
475392
475393
475394
475395
475396
475397
475398
475399
2017-02-24 21:43 Refreshing browser
475400
475401
475402
475403
475404
475405
475406
475407
475408
475409
475410
475411
475412
475413
475414
475415
475416
475417
475418
475419
475420
475421
475422
475423
475424
475425
475426
475427
475428
475429
475430
475431
475432
475433
475434
475435
475436
475437
475438
475439
475440
475441
475442
475443
475444
475445
475446
475447
475448
475449
2017-02-24 21:47 Refreshing browser
475450
475451
475452
475453
475454
475455
475456
475457
475458
475459
475460
475461
475462
475463
475464
475465
475466
475467
475468
475469
475470
475471
475472
475473
475474
475475
475476
475477
475478
475479
475480
475481
475482
475483
475484
475485
475486
475487
475488
475489
475490
475491
475492
475493
475494
475495
475496
475497
475498
475499
2017-02-24 21:52 Refreshing browser
475500
475501
475502
475503
475504
475505
475506
475507
475508
475509
475510
475511
475512
475513
475514
475515
475516
475517
475518
475519
475520
475521
475522
475523
475524
475525
475526
475527
475528
475529
475530
475531
475532
475533
475534
475535
475536
475537
475538
475539
475540
475541
475542
475543
475544
475545
475546
475547
475548
475549
2017-02-24 21:57 Refreshing browser
475550
475551
475552
475553
475554
475555
475556
475557
475558
475559
475560
475561
475562
475563
475564
475565
475566
475567
475568
475569
475570
475571
475572
475573
475574
475575
475576
475577
475578
475579
475580
475581
475582
475583
475584
475585
475586
475587
475588
475589
475590
475591
475592
475593
475594
475595
475596
475597
475598
475599
2017-02-24 22:02 Refreshing browser
475600
475601
475602
475603
475604
475605
475606
475607
475608
475609
475610
475611
475612
475613
475614
475615
475616
475617
475618
475619
475620
475621
475622
475623
475624
475625
475626
475627
475628
475629
475630
475631
475632
475633
475634
475635
475636
475637
475638
475639
475640
475641
475642
475643
475644
475645
475646
475647
475648
475649
2017-02-24 22:06 Refreshing browser
475650
475651
475652
475653
475654
475655
475656
475657
475658
475659
475660
475661
475662
475663
475664
475665
475666
475667
475668
475669
475670
475671
475672
475673
475674
475675
475676
475677
475678
475679
475680
475681
475682
475683
475684
475685
475686
475687
475688
475689
475690
475691
475692
475693
475694
475695
475696
475697
475698
475699
2017-02-24 22:11 Refreshing browser
475700
475701
475702
475703
475704
475705
475706
475707
475708
475709
475710
475711
475712
475713
475714
475715
475716
475717
475718
475719
475720
475721
475722
475723
475724
475725
475726
475727
475728
475729
475730
475731
475732
475733
475734
475735
475736
475737
475738
475739
475740
475741
475742
475743
475744
475745
475746
475747
475748
475749
2017-02-24 22:15 Refreshing browser
475750
475751
475752
475753
475754
475755
475756
475757
475758
475759
475760
475761
475762
475763
475764
475765
475766
475767
475768
475769
475770
475771
475772
475773
475774
475775
475776
475777
475778
475779
475780
475781
475782
475783
475784
475785
475786
475787
475788
475789
475790
475791
475792
475793
475794
475795
475796
475797
475798
475799
2017-02-24 22:19 Refreshing browser
475800
475801
475802
475803
475804
475805
475806
475807
475808
475809
475810
475811
475812
475813
475814
475815
475816
475817
475818
475819
475820
475821
475822
475823
475824
475825
475826
475827
475828
475829
475830
475831
475832
475833
475834
475835
475836
475837
475838
475839
475840
475841
475842
475843
475844
475845
475846
475847
475848
475849
2017-02-24 22:23 Refreshing browser
475850
475851
475852
475853
475854
475855
475856
475857
475858
475859
475860
475861
475862
475863
475864
475865
475866
475867
475868
475869
475870
475871
475872
475873
475874
475875
475876
475877
475878
475879
475880
475881
475882
475883
475884
475885
475886
475887
475888
475889
475890
475891
475892
475893
475894
475895
475896
475897
475898
475899
2017-02-24 22:27 Refreshing browser
475900
475901
475902
475903
475904
475905
475906
475907
475908
475909
475910
475911
475912
475913
475914
475915
475916
475917
475918
475919
475920
475921
475922
475923
475924
475925
475926
475927
475928
475929
475930
475931
475932
475933
475934
475935
475936
475937
475938
475939
475940
475941
475942
475943
475944
475945
475946
475947
475948
475949
2017-02-24 22:31 Refreshing browser
475950
475951
475952
475953
475954
475955
475956
475957
475958
475959
475960
475961
475962
475963
475964
475965
475966
475967
475968
475969
475970
475971
475972
475973
475974
475975
475976
475977
475978
475979
475980
475981
475982
475983
475984
475985
475986
475987
475988
475989
475990
475991
475992
475993
475994
475995
475996
475997
475998
475999
2017-02-24 22:35 Refreshing browser
476000
476001
476002
476003
476004
476005
476006
476007
476008
476009
476010
476011
476012
476013
476014
476015
476016
476017
476018
476019
476020
476021
476022
476023
476024
476025
476026
476027
476028
476029
476030
476031
476032
476033
476034
476035
476036
476037
476038
476039
476040
476041
476042
476043
476044
476045
476046
476047
476048
476049
2017-02-24 22:39 Refreshing browser
476050
476051
476052
476053
476054
476055
476056
476057
476058
476059
476060
476061
476062
476063
476064
476065
476066
476067
476068
476069
476070
476071
476072
476073
476074
476075
476076
476077
476078
476079
476080
476081
476082
476083
476084
476085
476086
476087
476088
476089
476090
476091
476092
476093
476094
476095
476096
476097
476098
476099
2017-02-24 22:43 Refreshing browser
476100
476101
476102
476103
476104
476105
476106
476107
476108
476109
476110
476111
476112
476113
476114
476115
476116
476117
476118
476119
476120
476121
476122
476123
476124
476125
476126
476127
476128
476129
476130
476131
476132
476133
476134
476135
476136
476137
476138
476139
476140
476141
476142
476143
476144
476145
476146
476147
476148
476149
2017-02-24 22:47 Refreshing browser
476150
476151
476152
476153
476154
476155
476156
476157
476158
476159
476160
476161
476162
476163
476164
476165
476166
476167
476168
476169
476170
476171
476172
476173
476174
476175
476176
476177
476178
476179
476180
476181
476182
476183
476184
476185
476186
476187
476188
476189
476190
476191
476192
476193
476194
476195
476196
476197
476198
476199
2017-02-24 22:51 Refreshing browser
476200
476201
476202
476203
476204
476205
476206
476207
476208
476209
476210
476211
476212
476213
476214
476215
476216
476217
476218
476219
476220
476221
476222
476223
476224
476225
476226
476227
476228
476229
476230
476231
476232
476233
476234
476235
476236
476237
476238
476239
476240
476241
476242
476243
476244
476245
476246
476247
476248
476249
2017-02-24 22:55 Refreshing browser
476250
476251
476252
476253
476254
476255
476256
476257
476258
476259
476260
476261
476262
476263
476264
476265
476266
476267
476268
476269
476270
476271
476272
476273
476274
476275
476276
476277
476278
476279
476280
476281
476282
476283
476284
476285
476286
476287
476288
476289
476290
476291
476292
476293
476294
476295
476296
476297
476298
476299
2017-02-24 22:59 Refreshing browser
476300
476301
476302
476303
476304
476305
476306
476307
476308
476309
476310
476311
476312
476313
476314
476315
476316
476317
476318
476319
476320
476321
476322
476323
476324
476325
476326
476327
476328
476329
476330
476331
476332
476333
476334
476335
476336
476337
476338
476339
476340
476341
476342
476343
476344
476345
476346
476347
476348
476349
2017-02-24 23:03 Refreshing browser
476350
476351
476352
476353
476354
476355
476356
476357
476358
476359
476360
476361
476362
476363
476364
476365
476366
476367
476368
476369
476370
476371
476372
476373
476374
476375
476376
476377
476378
476379
476380
476381
476382
476383
476384
476385
476386
476387
476388
476389
476390
476391
476392
476393
476394
476395
476396
476397
476398
476399
2017-02-24 23:07 Refreshing browser
476400
476401
476402
476403
476404
476405
476406
476407
476408
476409
476410
476411
476412
476413
476414
476415
476416
476417
476418
476419
476420
476421
476422
476423
476424
476425
476426
476427
476428
476429
476430
476431
476432
476433
476434
476435
476436
476437
476438
476439
476440
476441
476442
476443
476444
476445
476446
476447
476448
476449
2017-02-24 23:11 Refreshing browser
476450
476451
476452
476453
476454
476455
476456
476457
476458
476459
476460
476461
476462
476463
476464
476465
476466
476467
476468
476469
476470
476471
476472
476473
476474
476475
476476
476477
476478
476479
476480
476481
476482
476483
476484
476485
476486
476487
476488
476489
476490
476491
476492
476493
476494
476495
476496
476497
476498
476499
2017-02-24 23:15 Refreshing browser
476500
476501
476502
476503
476504
476505
476506
476507
476508
476509
476510
476511
476512
476513
476514
476515
476516
476517
476518
476519
476520
476521
476522
476523
476524
476525
476526
476527
476528
476529
476530
476531
476532
476533
476534
476535
476536
476537
476538
476539
476540
476541
476542
476543
476544
476545
476546
476547
476548
476549
2017-02-24 23:19 Refreshing browser
476550
476551
476552
476553
476554
476555
476556
476557
476558
476559
476560
476561
476562
476563
476564
476565
476566
476567
476568
476569
476570
476571
476572
476573
476574
476575
476576
476577
476578
476579
476580
476581
476582
476583
476584
476585
476586
476587
476588
476589
476590
476591
476592
476593
476594
476595
476596
476597
476598
476599
2017-02-24 23:23 Refreshing browser
476600
476601
476602
476603
476604
476605
476606
476607
476608
476609
476610
476611
476612
476613
476614
476615
476616
476617
476618
476619
476620
476621
476622
476623
476624
476625
476626
476627
476628
476629
476630
476631
476632
476633
476634
476635
476636
476637
476638
476639
476640
476641
476642
476643
476644
476645
476646
476647
476648
476649
2017-02-24 23:27 Refreshing browser
476650
476651
476652
476653
476654
476655
476656
476657
476658
476659
476660
476661
476662
476663
476664
476665
476666
476667
476668
476669
476670
476671
476672
476673
476674
476675
476676
476677
476678
476679
476680
476681
476682
476683
476684
476685
476686
476687
476688
476689
476690
476691
476692
476693
476694
476695
476696
476697
476698
476699
2017-02-24 23:32 Refreshing browser
476700
476701
476702
476703
476704
476705
476706
476707
476708
476709
476710
476711
476712
476713
476714
476715
476716
476717
476718
476719
476720
476721
476722
476723
476724
476725
476726
476727
476728
476729
476730
476731
476732
476733
476734
476735
476736
476737
476738
476739
476740
476741
476742
476743
476744
476745
476746
476747
476748
476749
2017-02-24 23:36 Refreshing browser
476750
476751
476752
476753
476754
476755
476756
476757
476758
476759
476760
476761
476762
476763
476764
476765
476766
476767
476768
476769
476770
476771
476772
476773
476774
476775
476776
476777
476778
476779
476780
476781
476782
476783
476784
476785
476786
476787
476788
476789
476790
476791
476792
476793
476794
476795
476796
476797
476798
476799
2017-02-24 23:40 Refreshing browser
476800
476801
476802
476803
476804
476805
476806
476807
476808
476809
476810
476811
476812
476813
476814
476815
476816
476817
476818
476819
476820
476821
476822
476823
476824
476825
476826
476827
476828
476829
476830
476831
476832
476833
476834
476835
476836
476837
476838
476839
476840
476841
476842
476843
476844
476845
476846
476847
476848
476849
2017-02-24 23:44 Refreshing browser
476850
476851
476852
476853
476854
476855
476856
476857
476858
476859
476860
476861
476862
476863
476864
476865
476866
476867
476868
476869
476870
476871
476872
476873
476874
476875
476876
476877
476878
476879
476880
476881
476882
476883
476884
476885
476886
476887
476888
476889
476890
476891
476892
476893
476894
476895
476896
476897
476898
476899
2017-02-24 23:48 Refreshing browser
476900
476901
476902
476903
476904
476905
476906
476907
476908
476909
476910
476911
476912
476913
476914
476915
476916
476917
476918
476919
476920
476921
476922
476923
476924
476925
476926
476927
476928
476929
476930
476931
476932
476933
476934
476935
476936
476937
476938
476939
476940
476941
476942
476943
476944
476945
476946
476947
476948
476949
2017-02-24 23:52 Refreshing browser
476950
476951
476952
476953
476954
476955
476956
476957
476958
476959
476960
476961
476962
476963
476964
476965
476966
476967
476968
476969
476970
476971
476972
476973
476974
476975
476976
476977
476978
476979
476980
476981
476982
476983
476984
476985
476986
476987
476988
476989
476990
476991
476992
476993
476994
476995
476996
476997
476998
476999
2017-02-24 23:57 Refreshing browser
477000
477001
477002
477003
477004
477005
477006
477007
477008
477009
477010
477011
477012
477013
477014
477015
477016
477017
477018
477019
477020
477021
477022
477023
477024
477025
477026
477027
477028
477029
477030
477031
477032
477033
477034
477035
477036
477037
477038
477039
477040
477041
477042
477043
477044
477045
477046
477047
477048
477049
2017-02-25 00:00 Refreshing browser
477050
477051
477052
477053
477054
477055
477056
477057
477058
477059
477060
477061
477062
477063
477064
477065
477066
477067
477068
477069
477070
477071
477072
477073
477074
477075
477076
477077
477078
477079
477080
477081
477082
477083
477084
477085
477086
477087
477088
477089
477090
477091
477092
477093
477094
477095
477096
477097
477098
477099
2017-02-25 00:04 Refreshing browser
477100
477101
477102
477103
477104
477105
477106
477107
477108
477109
477110
477111
477112
477113
477114
477115
477116
477117
477118
477119
477120
477121
477122
477123
477124
477125
477126
477127
477128
477129
477130
477131
477132
477133
477134
477135
477136
477137
477138
477139
477140
477141
477142
477143
477144
477145
477146
477147
477148
477149
2017-02-25 00:09 Refreshing browser
477150
477151
477152
477153
477154
477155
477156
477157
477158
477159
477160
477161
477162
477163
477164
477165
477166
477167
477168
477169
477170
477171
477172
477173
477174
477175
477176
477177
477178
477179
477180
477181
477182
477183
477184
477185
477186
477187
477188
477189
477190
477191
477192
477193
477194
477195
477196
477197
477198
477199
2017-02-25 00:13 Refreshing browser
477200
477201
477202
477203
477204
477205
477206
477207
477208
477209
477210
477211
477212
477213
477214
477215
477216
477217
477218
477219
477220
477221
477222
477223
477224
477225
477226
477227
477228
477229
477230
477231
477232
477233
477234
477235
477236
477237
477238
477239
477240
477241
477242
477243
477244
477245
477246
477247
477248
477249
2017-02-25 00:17 Refreshing browser
477250
477251
477252
477253
477254
477255
477256
477257
477258
477259
477260
477261
477262
477263
477264
477265
477266
477267
477268
477269
477270
477271
477272
477273
477274
477275
477276
477277
477278
477279
477280
477281
477282
477283
477284
477285
477286
477287
477288
477289
477290
477291
477292
477293
477294
477295
477296
477297
477298
477299
2017-02-25 00:21 Refreshing browser
477300
477301
477302
477303
477304
477305
477306
477307
477308
477309
477310
477311
477312
477313
477314
477315
477316
477317
477318
477319
477320
477321
477322
477323
477324
477325
477326
477327
477328
477329
477330
477331
477332
477333
477334
477335
477336
477337
477338
477339
477340
477341
477342
477343
477344
477345
477346
477347
477348
477349
2017-02-25 00:25 Refreshing browser
477350
477351
477352
477353
477354
477355
477356
477357
477358
477359
477360
477361
477362
477363
477364
477365
477366
477367
477368
477369
477370
477371
477372
477373
477374
477375
477376
477377
477378
477379
477380
477381
477382
477383
477384
477385
477386
477387
477388
477389
477390
477391
477392
477393
477394
477395
477396
477397
477398
477399
2017-02-25 00:29 Refreshing browser
477400
477401
477402
477403
477404
477405
477406
477407
477408
477409
477410
477411
477412
477413
477414
477415
477416
477417
477418
477419
477420
477421
477422
477423
477424
477425
477426
477427
477428
477429
477430
477431
477432
477433
477434
477435
477436
477437
477438
477439
477440
477441
477442
477443
477444
477445
477446
477447
477448
477449
2017-02-25 00:33 Refreshing browser
477450
477451
477452
477453
477454
477455
477456
477457
477458
477459
477460
477461
477462
477463
477464
477465
477466
477467
477468
477469
477470
477471
477472
477473
477474
477475
477476
477477
477478
477479
477480
477481
477482
477483
477484
477485
477486
477487
477488
477489
477490
477491
477492
477493
477494
477495
477496
477497
477498
477499
2017-02-25 00:38 Refreshing browser
477500
477501
477502
477503
477504
477505
477506
477507
477508
477509
477510
477511
477512
477513
477514
477515
477516
477517
477518
477519
477520
477521
477522
477523
477524
477525
477526
477527
477528
477529
477530
477531
477532
477533
477534
477535
477536
477537
477538
477539
477540
477541
477542
477543
477544
477545
477546
477547
477548
477549
2017-02-25 00:42 Refreshing browser
477550
477551
477552
477553
477554
477555
477556
477557
477558
477559
477560
477561
477562
477563
477564
477565
477566
477567
477568
477569
477570
477571
477572
477573
477574
477575
477576
477577
477578
477579
477580
477581
477582
477583
477584
477585
477586
477587
477588
477589
477590
477591
477592
477593
477594
477595
477596
477597
477598
477599
2017-02-25 00:46 Refreshing browser
477600
477601
477602
477603
477604
477605
477606
477607
477608
477609
477610
477611
477612
477613
477614
477615
477616
477617
477618
477619
477620
477621
477622
477623
477624
477625
477626
477627
477628
477629
477630
477631
477632
477633
477634
477635
477636
477637
477638
477639
477640
477641
477642
477643
477644
477645
477646
477647
477648
477649
2017-02-25 00:50 Refreshing browser
477650
477651
477652
477653
477654
477655
477656
477657
477658
477659
477660
477661
477662
477663
477664
477665
477666
477667
477668
477669
477670
477671
477672
477673
477674
477675
477676
477677
477678
477679
477680
477681
477682
477683
477684
477685
477686
477687
477688
477689
477690
477691
477692
477693
477694
477695
477696
477697
477698
477699
2017-02-25 00:54 Refreshing browser
477700
477701
477702
477703
477704
477705
477706
477707
477708
477709
477710
477711
477712
477713
477714
477715
477716
477717
477718
477719
477720
477721
477722
477723
477724
477725
477726
477727
477728
477729
477730
477731
477732
477733
477734
477735
477736
477737
477738
477739
477740
477741
477742
477743
477744
477745
477746
477747
477748
477749
2017-02-25 00:58 Refreshing browser
477750
477751
477752
477753
477754
477755
477756
477757
477758
477759
477760
477761
477762
477763
477764
477765
477766
477767
477768
477769
477770
477771
477772
477773
477774
477775
477776
477777
477778
477779
477780
477781
477782
477783
477784
477785
477786
477787
477788
477789
477790
477791
477792
477793
477794
477795
477796
477797
477798
477799
2017-02-25 01:02 Refreshing browser
477800
477801
477802
477803
477804
477805
477806
477807
477808
477809
477810
477811
477812
477813
477814
477815
477816
477817
477818
477819
477820
477821
477822
477823
477824
477825
477826
477827
477828
477829
477830
477831
477832
477833
477834
477835
477836
477837
477838
477839
477840
477841
477842
477843
477844
477845
477846
477847
477848
477849
2017-02-25 01:07 Refreshing browser
477850
477851
477852
477853
477854
477855
477856
477857
477858
477859
477860
477861
477862
477863
477864
477865
477866
477867
477868
477869
477870
477871
477872
477873
477874
477875
477876
477877
477878
477879
477880
477881
477882
477883
477884
477885
477886
477887
477888
477889
477890
477891
477892
477893
477894
477895
477896
477897
477898
477899
2017-02-25 01:11 Refreshing browser
477900
477901
477902
477903
477904
477905
477906
477907
477908
477909
477910
477911
477912
477913
477914
477915
477916
477917
477918
477919
477920
477921
477922
477923
477924
477925
477926
477927
477928
477929
477930
477931
477932
477933
477934
477935
477936
477937
477938
477939
477940
477941
477942
477943
477944
477945
477946
477947
477948
477949
2017-02-25 01:15 Refreshing browser
477950
477951
477952
477953
477954
477955
477956
477957
477958
477959
477960
477961
477962
477963
477964
477965
477966
477967
477968
477969
477970
477971
477972
477973
477974
477975
477976
477977
477978
477979
477980
477981
477982
477983
477984
477985
477986
477987
477988
477989
477990
477991
477992
477993
477994
477995
477996
477997
477998
477999
2017-02-25 01:19 Refreshing browser
478000
478001
478002
478003
478004
478005
478006
478007
478008
478009
478010
478011
478012
478013
478014
478015
478016
478017
478018
478019
478020
478021
478022
478023
478024
478025
478026
478027
478028
478029
478030
478031
478032
478033
478034
478035
478036
478037
478038
478039
