From 200001 to 300000
2017-02-16 09:46 Start
 Resuming work
2017-02-16 09:46 Refreshing browser
283450
283451
283452
283453
283454
283455
283456
283457
283458
283459
283460
283461
283462
283463
283464
283465
283466
283467
283468
283469
283470
283471
283472
283473
283474
283475
283476
283477
283478
283479
283480
283481
283482
283483
283484
283485
283486
283487
283488
283489
283490
283491
283492
283493
283494
283495
283496
283497
283498
283499
2017-02-16 09:50 Refreshing browser
283500
283501
283502
283503
283504
283505
283506
283507
283508
283509
283510
283511
283512
283513
283514
283515
283516
283517
283518
283519
283520
283521
283522
283523
283524
283525
283526
283527
283528
283529
283530
283531
283532
283533
283534
283535
283536
283537
283538
283539
283540
283541
283542
283543
283544
283545
283546
283547
283548
283549
2017-02-16 09:54 Refreshing browser
283550
283551
283552
283553
283554
283555
283556
283557
283558
283559
283560
283561
283562
283563
283564
283565
283566
283567
283568
283569
283570
283571
283572
283573
283574
283575
283576
283577
283578
283579
283580
283581
283582
283583
283584
283585
283586
283587
283588
283589
283590
283591
283592
283593
283594
283595
283596
283597
283598
283599
2017-02-16 09:58 Refreshing browser
283600
283601
283602
283603
283604
283605
283606
283607
283608
283609
283610
283611
283612
283613
283614
283615
283616
283617
283618
283619
283620
283621
283622
283623
283624
283625
283626
283627
283628
283629
283630
283631
283632
283633
283634
283635
283636
283637
283638
283639
283640
283641
283642
283643
283644
283645
283646
283647
283648
283649
2017-02-16 10:03 Refreshing browser
283650
283651
283652
283653
283654
283655
283656
283657
283658
283659
283660
283661
283662
283663
283664
283665
283666
283667
283668
283669
283670
283671
283672
283673
283674
283675
283676
283677
283678
283679
283680
283681
283682
283683
283684
283685
283686
283687
283688
283689
283690
283691
283692
283693
283694
283695
283696
283697
283698
283699
2017-02-16 10:08 Refreshing browser
283700
283701
283702
283703
283704
283705
283706
283707
283708
283709
283710
283711
283712
283713
283714
283715
283716
283717
283718
283719
283720
283721
283722
283723
283724
283725
283726
283727
283728
283729
283730
283731
283732
283733
283734
283735
283736
283737
283738
283739
283740
283741
283742
283743
283744
283745
283746
283747
283748
283749
2017-02-16 10:12 Refreshing browser
283750
283751
283752
283753
283754
283755
283756
283757
283758
283759
283760
283761
283762
283763
283764
283765
283766
283767
283768
283769
283770
283771
283772
283773
283774
283775
283776
283777
283778
283779
283780
283781
283782
283783
283784
283785
283786
283787
283788
283789
283790
283791
283792
283793
283794
283795
283796
283797
283798
283799
2017-02-16 10:18 Refreshing browser
283800
283801
283802
283803
283804
283805
283806
283807
283808
283809
283810
283811
283812
283813
283814
283815
283816
283817
283818
283819
283820
283821
283822
283823
283824
283825
283826
283827
283828
283829
283830
283831
283832
283833
283834
283835
283836
283837
283838
283839
283840
283841
283842
283843
283844
283845
283846
283847
283848
283849
2017-02-16 10:28 Refreshing browser
283850
283851
283852
283853
283854
283855
283856
283857
283858
283859
283860
283861
283862
283863
283864
283865
283866
283867
283868
283869
283870
283871
283872
283873
283874
283875
283876
283877
283878
283879
283880
283881
283882
283883
283884
283885
283886
283887
283888
283889
283890
283891
283892
283893
283894
283895
283896
283897
283898
283899
2017-02-16 10:33 Refreshing browser
283900
283901
283902
283903
283904
283905
283906
283907
