From 500001 to 592610
2017-02-24 14:10 Start
Saving in result_500001_592610.csv
500001
500002
500003
500004
500005
500006
500007
500008
500009
500010
500011
500012
500013
500014
500015
500016
500017
500018
500019
500020
500021
500022
500023
500024
500025
500026
500027
500028
500029
500030
500031
500032
500033
500034
500035
500036
500037
500038
500039
500040
500041
500042
500043
500044
500045
500046
500047
500048
500049
2017-02-24 14:15 Refreshing browser
500050
500051
500052
500053
500054
500055
500056
500057
500058
500059
500060
500061
500062
500063
500064
500065
500066
500067
500068
500069
500070
500071
500072
500073
500074
500075
500076
500077
500078
500079
500080
500081
500082
500083
500084
500085
500086
500087
500088
500089
500090
500091
500092
500093
500094
500095
500096
500097
500098
500099
2017-02-24 14:18 Refreshing browser
500100
500101
500102
500103
500104
500105
500106
500107
500108
500109
500110
500111
500112
500113
500114
500115
500116
500117
500118
500119
500120
500121
500122
500123
500124
500125
500126
500127
500128
500129
500130
500131
500132
500133
500134
500135
500136
500137
500138
500139
500140
500141
500142
500143
500144
500145
500146
500147
500148
500149
2017-02-24 14:23 Refreshing browser
500150
500151
500152
500153
500154
500155
500156
500157
500158
500159
500160
500161
500162
500163
500164
500165
500166
500167
500168
500169
500170
500171
500172
500173
500174
500175
500176
500177
500178
500179
500180
500181
500182
500183
500184
500185
500186
500187
500188
500189
500190
500191
500192
500193
500194
500195
500196
500197
500198
500199
2017-02-24 14:27 Refreshing browser
500200
500201
500202
500203
500204
500205
500206
500207
500208
500209
500210
500211
500212
500213
500214
500215
500216
500217
500218
500219
500220
500221
500222
500223
500224
500225
500226
500227
500228
500229
500230
500231
500232
500233
500234
500235
500236
500237
500238
500239
500240
500241
500242
500243
500244
500245
500246
500247
500248
500249
2017-02-24 14:31 Refreshing browser
500250
500251
500252
500253
500254
500255
500256
500257
500258
500259
500260
500261
500262
500263
500264
500265
500266
500267
500268
500269
500270
500271
500272
500273
500274
500275
500276
500277
500278
500279
500280
500281
500282
500283
500284
500285
500286
500287
500288
500289
500290
500291
500292
500293
500294
500295
500296
500297
500298
500299
2017-02-24 14:35 Refreshing browser
500300
500301
500302
500303
500304
500305
500306
500307
500308
500309
500310
500311
500312
500313
500314
500315
500316
500317
500318
500319
500320
500321
500322
500323
500324
500325
500326
500327
500328
500329
500330
500331
500332
500333
500334
500335
500336
500337
500338
500339
500340
500341
500342
500343
500344
500345
500346
500347
500348
500349
2017-02-24 14:39 Refreshing browser
500350
500351
500352
500353
500354
500355
500356
500357
500358
500359
500360
500361
500362
500363
500364
500365
500366
500367
500368
500369
500370
500371
500372
500373
500374
500375
500376
500377
500378
500379
500380
500381
500382
500383
500384
500385
500386
500387
500388
500389
500390
500391
500392
500393
500394
500395
500396
500397
500398
500399
2017-02-24 14:43 Refreshing browser
500400
500401
500402
500403
500404
500405
500406
500407
500408
500409
500410
500411
500412
500413
500414
500415
500416
500417
500418
500419
500420
500421
500422
500423
500424
500425
500426
500427
500428
500429
500430
500431
500432
500433
500434
500435
500436
500437
500438
500439
500440
500441
500442
500443
500444
500445
500446
500447
500448
500449
2017-02-24 14:47 Refreshing browser
500450
500451
500452
500453
500454
500455
500456
500457
500458
500459
500460
500461
500462
500463
500464
500465
500466
500467
500468
500469
500470
500471
500472
500473
500474
500475
500476
500477
500478
500479
500480
500481
500482
500483
500484
500485
500486
500487
500488
500489
500490
500491
500492
500493
500494
500495
500496
500497
500498
500499
2017-02-24 14:51 Refreshing browser
500500
500501
500502
500503
500504
500505
500506
500507
500508
500509
500510
500511
500512
500513
500514
500515
500516
500517
500518
500519
500520
500521
500522
500523
500524
500525
500526
500527
500528
500529
500530
500531
500532
500533
500534
500535
500536
500537
500538
500539
500540
500541
500542
500543
500544
500545
500546
500547
500548
500549
2017-02-24 14:55 Refreshing browser
500550
500551
500552
500553
500554
500555
500556
500557
500558
500559
500560
500561
500562
500563
500564
500565
500566
500567
500568
500569
500570
500571
500572
500573
500574
500575
500576
500577
500578
500579
500580
500581
500582
500583
500584
500585
500586
500587
500588
500589
500590
500591
500592
500593
500594
500595
500596
500597
500598
500599
2017-02-24 14:59 Refreshing browser
500600
500601
500602
500603
500604
500605
500606
500607
500608
500609
500610
500611
500612
500613
500614
500615
500616
500617
500618
500619
500620
500621
500622
500623
500624
500625
500626
500627
500628
500629
500630
500631
500632
500633
500634
500635
500636
500637
500638
500639
500640
500641
500642
500643
500644
500645
500646
500647
500648
500649
2017-02-24 15:03 Refreshing browser
500650
500651
500652
500653
500654
500655
500656
500657
500658
500659
500660
500661
500662
500663
500664
500665
500666
500667
500668
500669
500670
500671
500672
500673
500674
500675
500676
500677
500678
500679
500680
500681
500682
500683
500684
500685
500686
500687
500688
500689
500690
500691
500692
500693
500694
500695
500696
500697
500698
500699
2017-02-24 15:07 Refreshing browser
500700
500701
500702
500703
500704
500705
500706
500707
500708
500709
500710
500711
500712
500713
500714
500715
500716
500717
500718
500719
500720
500721
500722
500723
500724
500725
500726
500727
500728
500729
500730
500731
500732
500733
500734
500735
500736
500737
500738
500739
500740
500741
500742
500743
500744
500745
500746
500747
500748
500749
2017-02-24 15:11 Refreshing browser
500750
500751
500752
500753
500754
500755
500756
500757
500758
500759
500760
500761
500762
500763
500764
500765
500766
500767
500768
500769
500770
500771
500772
500773
500774
500775
500776
500777
500778
500779
500780
500781
500782
500783
500784
500785
500786
500787
500788
500789
500790
500791
500792
500793
500794
500795
500796
500797
500798
500799
2017-02-24 15:16 Refreshing browser
500800
500801
500802
500803
500804
500805
500806
500807
500808
500809
500810
500811
500812
500813
500814
500815
500816
500817
500818
500819
500820
500821
500822
500823
500824
500825
500826
500827
500828
500829
500830
500831
500832
500833
500834
500835
500836
500837
500838
500839
500840
500841
500842
500843
500844
500845
500846
500847
500848
500849
2017-02-24 15:20 Refreshing browser
500850
500851
500852
500853
500854
500855
500856
500857
500858
500859
500860
500861
500862
500863
500864
500865
500866
500867
500868
500869
500870
500871
500872
500873
500874
500875
500876
500877
500878
500879
500880
500881
500882
500883
500884
500885
500886
500887
500888
500889
500890
500891
500892
500893
500894
500895
500896
500897
500898
500899
2017-02-24 15:24 Refreshing browser
500900
500901
500902
500903
500904
500905
500906
500907
500908
500909
500910
500911
500912
500913
500914
500915
500916
500917
500918
500919
500920
500921
500922
500923
500924
500925
500926
500927
500928
500929
500930
500931
500932
500933
500934
500935
500936
500937
500938
500939
500940
500941
500942
500943
500944
500945
500946
500947
500948
500949
2017-02-24 15:28 Refreshing browser
500950
500951
500952
500953
500954
500955
500956
500957
500958
500959
500960
500961
500962
500963
500964
500965
500966
500967
500968
500969
500970
500971
500972
500973
500974
500975
500976
500977
500978
500979
500980
500981
500982
500983
500984
500985
500986
500987
500988
500989
500990
500991
500992
500993
500994
500995
500996
500997
500998
500999
2017-02-24 15:32 Refreshing browser
501000
501001
501002
501003
501004
501005
501006
501007
501008
501009
501010
501011
501012
501013
501014
501015
501016
501017
501018
501019
501020
501021
501022
501023
501024
501025
501026
501027
501028
501029
501030
501031
501032
501033
501034
501035
501036
501037
501038
501039
501040
501041
501042
501043
501044
501045
501046
501047
501048
501049
2017-02-24 15:36 Refreshing browser
501050
501051
501052
501053
501054
501055
501056
501057
501058
501059
501060
501061
501062
501063
501064
501065
501066
501067
501068
501069
501070
501071
501072
501073
501074
501075
501076
501077
501078
501079
501080
501081
501082
501083
501084
501085
501086
501087
501088
501089
501090
501091
501092
501093
501094
501095
501096
501097
501098
501099
2017-02-24 15:40 Refreshing browser
501100
501101
501102
501103
501104
501105
501106
501107
501108
501109
501110
501111
501112
501113
501114
501115
501116
501117
501118
501119
501120
501121
501122
501123
501124
501125
501126
501127
501128
501129
501130
501131
501132
501133
501134
501135
501136
501137
501138
501139
501140
501141
501142
501143
501144
501145
501146
501147
501148
501149
2017-02-24 15:44 Refreshing browser
501150
501151
501152
501153
501154
501155
501156
501157
501158
501159
501160
501161
501162
501163
501164
501165
501166
501167
501168
501169
501170
501171
501172
501173
501174
501175
501176
501177
501178
501179
501180
501181
501182
501183
501184
501185
501186
501187
501188
501189
501190
501191
501192
501193
501194
501195
501196
501197
501198
501199
2017-02-24 15:48 Refreshing browser
501200
501201
501202
501203
501204
501205
501206
501207
501208
501209
501210
501211
501212
501213
501214
501215
501216
501217
501218
501219
501220
501221
501222
501223
501224
501225
501226
501227
501228
501229
501230
501231
501232
501233
501234
501235
501236
501237
501238
501239
501240
501241
501242
501243
501244
501245
501246
501247
501248
501249
2017-02-24 15:52 Refreshing browser
501250
501251
501252
501253
501254
501255
501256
501257
501258
501259
501260
501261
501262
501263
501264
501265
501266
501267
501268
501269
501270
501271
501272
501273
501274
501275
501276
501277
501278
501279
501280
501281
501282
501283
501284
501285
501286
501287
501288
501289
501290
501291
501292
501293
501294
501295
501296
501297
501298
501299
2017-02-24 15:56 Refreshing browser
501300
501301
501302
501303
501304
501305
501306
501307
501308
501309
501310
501311
501312
501313
501314
501315
501316
501317
501318
501319
501320
501321
501322
501323
501324
501325
501326
501327
501328
501329
501330
501331
501332
501333
501334
501335
501336
501337
501338
501339
501340
501341
501342
501343
501344
501345
501346
501347
501348
501349
2017-02-24 16:00 Refreshing browser
501350
501351
501352
501353
501354
501355
501356
501357
501358
501359
501360
501361
501362
501363
501364
501365
501366
501367
501368
501369
501370
501371
501372
501373
501374
501375
501376
501377
501378
501379
501380
501381
501382
501383
501384
501385
501386
501387
501388
501389
501390
501391
501392
501393
501394
501395
501396
501397
501398
501399
2017-02-24 16:04 Refreshing browser
501400
501401
501402
501403
501404
501405
501406
501407
501408
501409
501410
501411
501412
501413
501414
501415
501416
501417
501418
501419
501420
501421
501422
501423
501424
501425
501426
501427
501428
501429
501430
501431
501432
501433
501434
501435
501436
501437
501438
501439
501440
501441
501442
501443
501444
501445
501446
501447
501448
501449
2017-02-24 16:08 Refreshing browser
501450
501451
501452
501453
501454
501455
501456
501457
501458
501459
501460
501461
501462
501463
501464
501465
501466
501467
501468
501469
501470
501471
501472
501473
501474
501475
501476
501477
501478
501479
501480
501481
501482
501483
501484
501485
501486
501487
501488
501489
501490
501491
501492
501493
501494
501495
501496
501497
501498
501499
2017-02-24 16:12 Refreshing browser
501500
501501
501502
501503
501504
501505
501506
501507
501508
501509
501510
501511
501512
501513
501514
501515
501516
501517
501518
501519
501520
501521
501522
501523
501524
501525
501526
501527
501528
501529
501530
501531
501532
501533
501534
501535
501536
501537
501538
501539
501540
501541
501542
501543
501544
501545
501546
501547
501548
501549
2017-02-24 16:16 Refreshing browser
501550
501551
501552
501553
501554
501555
501556
501557
501558
501559
501560
501561
501562
501563
501564
501565
501566
501567
501568
501569
501570
501571
501572
501573
501574
501575
501576
501577
501578
501579
501580
501581
501582
501583
501584
501585
501586
501587
501588
501589
501590
501591
501592
501593
501594
501595
501596
501597
501598
501599
2017-02-24 16:20 Refreshing browser
501600
501601
501602
501603
501604
501605
501606
501607
501608
501609
501610
501611
501612
501613
501614
501615
501616
501617
501618
501619
501620
501621
501622
501623
501624
501625
501626
501627
501628
501629
501630
501631
501632
501633
501634
501635
501636
501637
501638
501639
501640
501641
501642
501643
501644
501645
501646
501647
501648
501649
2017-02-24 16:25 Refreshing browser
501650
501651
501652
501653
501654
501655
501656
501657
501658
501659
501660
501661
501662
501663
501664
501665
501666
501667
501668
501669
501670
501671
501672
501673
501674
501675
501676
501677
501678
501679
501680
501681
501682
501683
501684
501685
501686
501687
501688
501689
501690
501691
501692
501693
501694
501695
501696
501697
501698
501699
2017-02-24 16:28 Refreshing browser
501700
501701
501702
501703
501704
501705
501706
501707
501708
501709
501710
501711
501712
501713
501714
501715
501716
501717
501718
501719
501720
501721
501722
501723
501724
501725
501726
501727
501728
501729
501730
501731
501732
501733
501734
501735
501736
501737
501738
501739
501740
501741
501742
501743
501744
501745
501746
501747
501748
501749
2017-02-24 16:33 Refreshing browser
501750
501751
501752
501753
501754
501755
501756
501757
501758
501759
501760
501761
501762
501763
501764
501765
501766
501767
501768
501769
501770
501771
501772
501773
501774
501775
501776
501777
501778
501779
501780
501781
501782
501783
501784
501785
501786
501787
501788
501789
501790
501791
501792
501793
501794
501795
501796
501797
501798
501799
2017-02-24 16:37 Refreshing browser
501800
501801
501802
501803
501804
501805
501806
501807
501808
501809
501810
501811
501812
501813
501814
501815
501816
501817
501818
501819
501820
501821
501822
501823
501824
501825
501826
501827
501828
501829
501830
501831
501832
501833
501834
501835
501836
501837
501838
501839
501840
501841
501842
501843
501844
501845
501846
501847
501848
501849
2017-02-24 16:41 Refreshing browser
501850
501851
501852
501853
501854
501855
501856
501857
501858
501859
501860
501861
501862
501863
501864
501865
501866
501867
501868
501869
501870
501871
501872
501873
501874
501875
501876
501877
501878
501879
501880
501881
501882
501883
501884
501885
501886
501887
501888
501889
501890
501891
501892
501893
501894
501895
501896
501897
501898
501899
2017-02-24 16:45 Refreshing browser
501900
501901
501902
501903
501904
501905
501906
501907
501908
501909
501910
501911
501912
501913
501914
501915
501916
501917
501918
501919
501920
501921
501922
501923
501924
501925
501926
501927
501928
501929
501930
501931
501932
501933
501934
501935
501936
501937
501938
501939
501940
501941
501942
501943
501944
501945
501946
501947
501948
501949
2017-02-24 16:49 Refreshing browser
501950
501951
501952
501953
501954
501955
501956
501957
501958
501959
501960
501961
501962
501963
501964
501965
501966
501967
501968
501969
501970
501971
501972
501973
501974
501975
501976
501977
501978
501979
501980
501981
501982
501983
501984
501985
501986
501987
501988
501989
501990
501991
501992
501993
501994
501995
501996
501997
501998
501999
2017-02-24 16:53 Refreshing browser
502000
502001
502002
502003
502004
502005
502006
502007
502008
502009
502010
502011
502012
502013
502014
502015
502016
502017
502018
502019
502020
502021
502022
502023
502024
502025
502026
502027
502028
502029
502030
502031
502032
502033
502034
502035
502036
502037
502038
502039
502040
502041
502042
502043
502044
502045
502046
502047
502048
502049
2017-02-24 16:57 Refreshing browser
502050
502051
502052
502053
502054
502055
502056
502057
502058
502059
502060
502061
502062
502063
502064
502065
502066
502067
502068
502069
502070
502071
502072
502073
502074
502075
502076
502077
502078
502079
502080
502081
502082
502083
502084
502085
502086
502087
502088
502089
502090
502091
502092
502093
502094
502095
502096
502097
502098
502099
2017-02-24 17:01 Refreshing browser
502100
502101
502102
502103
502104
502105
502106
502107
502108
502109
502110
502111
502112
502113
502114
502115
502116
502117
502118
502119
502120
502121
502122
502123
502124
502125
502126
502127
502128
502129
502130
502131
502132
502133
502134
502135
502136
502137
502138
502139
502140
502141
502142
502143
502144
502145
502146
502147
502148
502149
2017-02-24 17:05 Refreshing browser
502150
502151
502152
502153
502154
502155
502156
502157
502158
502159
502160
502161
502162
502163
502164
502165
502166
502167
502168
502169
502170
502171
502172
502173
502174
502175
502176
502177
502178
502179
502180
502181
502182
502183
502184
502185
502186
502187
502188
502189
502190
502191
502192
502193
502194
502195
502196
502197
502198
502199
2017-02-24 17:09 Refreshing browser
502200
502201
502202
502203
502204
502205
502206
502207
502208
502209
502210
502211
502212
502213
502214
502215
502216
502217
502218
502219
502220
502221
502222
502223
502224
502225
502226
502227
502228
502229
502230
502231
502232
502233
502234
502235
502236
502237
502238
502239
502240
502241
502242
502243
502244
502245
502246
502247
502248
502249
2017-02-24 17:13 Refreshing browser
502250
502251
502252
502253
502254
502255
502256
502257
502258
502259
502260
502261
502262
502263
502264
502265
502266
502267
502268
502269
502270
502271
502272
502273
502274
502275
502276
502277
502278
502279
502280
502281
502282
502283
502284
502285
502286
502287
502288
502289
502290
502291
502292
502293
502294
502295
502296
502297
502298
502299
2017-02-24 17:17 Refreshing browser
502300
502301
502302
502303
502304
502305
502306
502307
502308
502309
502310
502311
502312
502313
502314
502315
502316
502317
502318
502319
502320
502321
502322
502323
502324
502325
502326
502327
502328
502329
502330
502331
502332
502333
502334
502335
502336
502337
502338
502339
502340
502341
502342
502343
502344
502345
502346
502347
502348
502349
2017-02-24 17:22 Refreshing browser
502350
502351
502352
502353
502354
502355
502356
502357
502358
502359
502360
502361
502362
502363
502364
502365
502366
502367
502368
502369
502370
502371
502372
502373
502374
502375
502376
502377
502378
502379
502380
502381
502382
502383
502384
502385
502386
502387
502388
502389
502390
502391
502392
502393
502394
502395
502396
502397
502398
502399
2017-02-24 17:26 Refreshing browser
502400
502401
502402
502403
502404
502405
502406
502407
502408
502409
502410
502411
502412
502413
502414
502415
502416
502417
502418
502419
502420
502421
502422
502423
502424
502425
502426
502427
502428
502429
502430
502431
502432
502433
502434
502435
502436
502437
502438
502439
502440
502441
502442
502443
502444
502445
502446
502447
502448
502449
2017-02-24 17:30 Refreshing browser
502450
502451
502452
502453
502454
502455
502456
502457
502458
502459
502460
502461
502462
502463
502464
502465
502466
502467
502468
502469
502470
502471
502472
502473
502474
502475
502476
502477
502478
502479
502480
502481
502482
502483
502484
502485
502486
502487
502488
502489
502490
502491
502492
502493
502494
502495
502496
502497
502498
502499
2017-02-24 17:34 Refreshing browser
502500
502501
502502
502503
502504
502505
502506
502507
502508
502509
502510
502511
502512
502513
502514
502515
502516
502517
502518
502519
502520
502521
502522
502523
502524
502525
502526
502527
502528
502529
502530
502531
502532
502533
502534
502535
502536
502537
502538
502539
502540
502541
502542
502543
502544
502545
502546
502547
502548
502549
2017-02-24 17:38 Refreshing browser
502550
502551
502552
502553
502554
502555
502556
502557
502558
502559
502560
502561
502562
502563
502564
502565
502566
502567
502568
502569
502570
502571
502572
502573
502574
502575
502576
502577
502578
502579
502580
502581
502582
502583
502584
502585
502586
502587
502588
502589
502590
502591
502592
502593
502594
502595
502596
502597
502598
502599
2017-02-24 17:42 Refreshing browser
502600
502601
502602
502603
502604
502605
502606
502607
502608
502609
502610
502611
502612
502613
502614
502615
502616
502617
502618
502619
502620
502621
502622
502623
502624
502625
502626
502627
502628
502629
502630
502631
502632
502633
502634
502635
502636
502637
502638
502639
502640
502641
502642
502643
502644
502645
502646
502647
502648
502649
2017-02-24 17:46 Refreshing browser
502650
502651
502652
502653
502654
502655
502656
502657
502658
502659
502660
502661
502662
502663
502664
502665
502666
502667
502668
502669
502670
502671
502672
502673
502674
502675
502676
502677
502678
502679
502680
502681
502682
502683
502684
502685
502686
502687
502688
502689
502690
502691
502692
502693
502694
502695
502696
502697
502698
502699
2017-02-24 17:50 Refreshing browser
502700
502701
502702
502703
502704
502705
502706
502707
502708
502709
502710
502711
502712
502713
502714
502715
502716
502717
502718
502719
502720
502721
502722
502723
502724
502725
502726
502727
502728
502729
502730
502731
502732
502733
502734
502735
502736
502737
502738
502739
502740
502741
502742
502743
502744
502745
502746
502747
502748
502749
2017-02-24 17:54 Refreshing browser
502750
502751
502752
502753
502754
502755
502756
502757
502758
502759
502760
502761
502762
502763
502764
502765
502766
502767
502768
502769
502770
502771
502772
502773
502774
502775
502776
502777
502778
502779
502780
502781
502782
502783
502784
502785
502786
502787
502788
502789
502790
502791
502792
502793
502794
502795
502796
502797
502798
502799
2017-02-24 17:58 Refreshing browser
502800
502801
502802
502803
502804
502805
502806
502807
502808
502809
502810
502811
502812
502813
502814
502815
502816
502817
502818
502819
502820
502821
502822
502823
502824
502825
502826
502827
502828
502829
502830
502831
502832
502833
502834
502835
502836
502837
502838
502839
502840
502841
502842
502843
502844
502845
502846
502847
502848
502849
2017-02-24 18:02 Refreshing browser
502850
502851
502852
502853
502854
502855
502856
502857
502858
502859
502860
502861
502862
502863
502864
502865
502866
502867
502868
502869
502870
502871
502872
502873
502874
502875
502876
502877
502878
502879
502880
502881
502882
502883
502884
502885
502886
502887
502888
502889
502890
502891
502892
502893
502894
502895
502896
502897
502898
502899
2017-02-24 18:06 Refreshing browser
502900
502901
502902
502903
502904
502905
502906
502907
502908
502909
502910
502911
502912
502913
502914
502915
502916
502917
502918
502919
502920
502921
502922
502923
502924
502925
502926
502927
502928
502929
502930
502931
502932
502933
502934
502935
502936
502937
502938
502939
502940
502941
502942
502943
502944
502945
502946
502947
502948
502949
2017-02-24 18:11 Refreshing browser
502950
502951
502952
502953
502954
502955
502956
502957
502958
502959
502960
502961
502962
502963
502964
502965
502966
502967
502968
502969
502970
502971
502972
502973
502974
502975
502976
502977
502978
502979
502980
502981
502982
502983
502984
502985
502986
502987
502988
502989
502990
502991
502992
502993
502994
502995
502996
502997
502998
502999
2017-02-24 18:15 Refreshing browser
503000
503001
503002
503003
503004
503005
503006
503007
503008
503009
503010
503011
503012
503013
503014
503015
503016
503017
503018
503019
503020
503021
503022
503023
503024
503025
503026
503027
503028
503029
503030
503031
503032
503033
503034
503035
503036
503037
503038
503039
503040
503041
503042
503043
503044
503045
503046
503047
503048
503049
2017-02-24 18:19 Refreshing browser
503050
503051
503052
503053
503054
503055
503056
503057
503058
503059
503060
503061
503062
503063
503064
503065
503066
503067
503068
503069
503070
503071
503072
503073
503074
503075
503076
503077
503078
503079
503080
503081
503082
503083
503084
503085
503086
503087
503088
503089
503090
503091
503092
503093
503094
503095
503096
503097
503098
503099
2017-02-24 18:23 Refreshing browser
503100
503101
503102
503103
503104
503105
503106
503107
503108
503109
503110
503111
503112
503113
503114
503115
503116
503117
503118
503119
503120
503121
503122
503123
503124
503125
503126
503127
503128
503129
503130
503131
503132
503133
503134
503135
503136
503137
503138
503139
503140
503141
503142
503143
503144
503145
503146
503147
503148
503149
2017-02-24 18:27 Refreshing browser
503150
503151
503152
503153
503154
503155
503156
503157
503158
503159
503160
503161
503162
503163
503164
503165
503166
503167
503168
503169
503170
503171
503172
503173
503174
503175
503176
503177
503178
503179
503180
503181
503182
503183
503184
503185
503186
503187
503188
503189
503190
503191
503192
503193
503194
503195
503196
503197
503198
503199
2017-02-24 18:31 Refreshing browser
503200
503201
503202
503203
503204
503205
503206
503207
503208
503209
503210
503211
503212
503213
503214
503215
503216
503217
503218
503219
503220
503221
503222
503223
503224
503225
503226
503227
503228
503229
503230
503231
503232
503233
503234
503235
503236
503237
503238
503239
503240
503241
503242
503243
503244
503245
503246
503247
503248
503249
2017-02-24 18:35 Refreshing browser
503250
503251
503252
503253
503254
503255
503256
503257
503258
503259
503260
503261
503262
503263
503264
503265
503266
503267
503268
503269
503270
503271
503272
503273
503274
503275
503276
503277
503278
503279
503280
503281
503282
503283
503284
503285
503286
503287
503288
503289
503290
503291
503292
503293
503294
503295
503296
503297
503298
503299
2017-02-24 18:39 Refreshing browser
503300
503301
503302
503303
503304
503305
503306
503307
503308
503309
503310
503311
503312
503313
503314
503315
503316
503317
503318
503319
503320
503321
503322
503323
503324
503325
503326
503327
503328
503329
503330
503331
503332
503333
503334
503335
503336
503337
503338
503339
503340
503341
503342
503343
503344
503345
503346
503347
503348
503349
2017-02-24 18:43 Refreshing browser
503350
503351
503352
503353
503354
503355
503356
503357
503358
503359
503360
503361
503362
503363
503364
503365
503366
503367
503368
503369
503370
503371
503372
503373
503374
503375
503376
503377
503378
503379
503380
503381
503382
503383
503384
503385
503386
503387
503388
503389
503390
503391
503392
503393
503394
503395
503396
503397
503398
503399
2017-02-24 18:47 Refreshing browser
503400
503401
503402
503403
503404
503405
503406
503407
503408
503409
503410
503411
503412
503413
503414
503415
503416
503417
503418
503419
503420
503421
503422
503423
503424
503425
503426
503427
503428
503429
503430
503431
503432
503433
503434
503435
503436
503437
503438
503439
503440
503441
503442
503443
503444
503445
503446
503447
503448
503449
2017-02-24 18:51 Refreshing browser
503450
503451
503452
503453
503454
503455
503456
503457
503458
503459
503460
503461
503462
503463
503464
503465
503466
503467
503468
503469
503470
503471
503472
503473
503474
503475
503476
503477
503478
503479
503480
503481
503482
503483
503484
503485
503486
503487
503488
503489
503490
503491
503492
503493
503494
503495
503496
503497
503498
503499
2017-02-24 18:55 Refreshing browser
503500
503501
503502
503503
503504
503505
503506
503507
503508
503509
503510
503511
503512
503513
503514
503515
503516
503517
503518
503519
503520
503521
503522
503523
503524
503525
503526
503527
503528
503529
503530
503531
503532
503533
503534
503535
503536
503537
503538
503539
503540
503541
503542
503543
503544
503545
503546
503547
503548
503549
2017-02-24 19:00 Refreshing browser
503550
503551
503552
503553
503554
503555
503556
503557
503558
503559
503560
503561
503562
503563
503564
503565
503566
503567
503568
503569
503570
503571
503572
503573
503574
503575
503576
503577
503578
503579
503580
503581
503582
503583
503584
503585
503586
503587
503588
503589
503590
503591
503592
503593
503594
503595
503596
503597
503598
503599
2017-02-24 19:04 Refreshing browser
503600
503601
503602
503603
503604
503605
503606
503607
503608
503609
503610
503611
503612
503613
503614
503615
503616
503617
503618
503619
503620
503621
503622
503623
503624
503625
503626
503627
503628
503629
503630
503631
503632
503633
503634
503635
503636
503637
503638
503639
503640
503641
503642
503643
503644
503645
503646
503647
503648
503649
2017-02-24 19:08 Refreshing browser
503650
503651
503652
503653
503654
503655
503656
503657
503658
503659
503660
503661
503662
503663
503664
503665
503666
503667
503668
503669
503670
503671
503672
503673
503674
503675
503676
503677
503678
503679
503680
503681
503682
503683
503684
503685
503686
503687
503688
503689
503690
503691
503692
503693
503694
503695
503696
503697
503698
503699
2017-02-24 19:12 Refreshing browser
503700
503701
503702
503703
503704
503705
503706
503707
503708
503709
503710
503711
503712
503713
503714
503715
503716
503717
503718
503719
503720
503721
503722
503723
503724
503725
503726
503727
503728
503729
503730
503731
503732
503733
503734
503735
503736
503737
503738
503739
503740
503741
503742
503743
503744
503745
503746
503747
503748
503749
2017-02-24 19:16 Refreshing browser
503750
503751
503752
503753
503754
503755
503756
503757
503758
503759
503760
503761
503762
503763
503764
503765
503766
503767
503768
503769
503770
503771
503772
503773
503774
503775
503776
503777
503778
503779
503780
503781
503782
503783
503784
503785
503786
503787
503788
503789
503790
503791
503792
503793
503794
503795
503796
503797
503798
503799
2017-02-24 19:20 Refreshing browser
503800
503801
503802
503803
503804
503805
503806
503807
503808
503809
503810
503811
503812
503813
503814
503815
503816
503817
503818
503819
503820
503821
503822
503823
503824
503825
503826
503827
503828
503829
503830
503831
503832
503833
503834
503835
503836
503837
503838
503839
503840
503841
503842
503843
503844
503845
503846
503847
503848
503849
2017-02-24 19:24 Refreshing browser
503850
503851
503852
503853
503854
503855
503856
503857
503858
503859
503860
503861
503862
503863
503864
503865
503866
503867
503868
503869
503870
503871
503872
503873
503874
503875
503876
503877
503878
503879
503880
503881
503882
503883
503884
503885
503886
503887
503888
503889
503890
503891
503892
503893
503894
503895
503896
503897
503898
503899
2017-02-24 19:28 Refreshing browser
503900
503901
503902
503903
503904
503905
503906
503907
503908
503909
503910
503911
503912
503913
503914
503915
503916
503917
503918
503919
503920
503921
503922
503923
503924
503925
503926
503927
503928
503929
503930
503931
503932
503933
503934
503935
503936
503937
503938
503939
503940
503941
503942
503943
503944
503945
503946
503947
503948
503949
2017-02-24 19:32 Refreshing browser
503950
503951
503952
503953
503954
503955
503956
503957
503958
503959
503960
503961
503962
503963
503964
503965
503966
503967
503968
503969
503970
503971
503972
503973
503974
503975
503976
503977
503978
503979
503980
503981
503982
503983
503984
503985
503986
503987
503988
503989
503990
503991
503992
503993
503994
503995
503996
503997
503998
503999
2017-02-24 19:36 Refreshing browser
504000
504001
504002
504003
504004
504005
504006
504007
504008
504009
504010
504011
504012
504013
504014
504015
504016
504017
504018
504019
504020
504021
504022
504023
504024
504025
504026
504027
504028
504029
504030
504031
504032
504033
504034
504035
504036
504037
504038
504039
504040
504041
504042
504043
504044
504045
504046
504047
504048
504049
2017-02-24 19:40 Refreshing browser
504050
504051
504052
504053
504054
504055
504056
504057
504058
504059
504060
504061
504062
504063
504064
504065
504066
504067
504068
504069
504070
504071
504072
504073
504074
504075
504076
504077
504078
504079
504080
504081
504082
504083
504084
504085
504086
504087
504088
504089
504090
504091
504092
504093
504094
504095
504096
504097
504098
504099
2017-02-24 19:44 Refreshing browser
504100
504101
504102
504103
504104
504105
504106
504107
504108
504109
504110
504111
504112
504113
504114
504115
504116
504117
504118
504119
504120
504121
504122
504123
504124
504125
504126
504127
504128
504129
504130
504131
504132
504133
504134
504135
504136
504137
504138
504139
504140
504141
504142
504143
504144
504145
504146
504147
504148
504149
2017-02-24 19:48 Refreshing browser
504150
504151
504152
504153
504154
504155
504156
504157
504158
504159
504160
504161
504162
504163
504164
504165
504166
504167
504168
504169
504170
504171
504172
504173
504174
504175
504176
504177
504178
504179
504180
504181
504182
504183
504184
504185
504186
504187
504188
504189
504190
504191
504192
504193
504194
504195
504196
504197
504198
504199
2017-02-24 19:53 Refreshing browser
504200
504201
504202
504203
504204
504205
504206
504207
504208
504209
504210
504211
504212
504213
504214
504215
504216
504217
504218
504219
504220
504221
504222
504223
504224
504225
504226
504227
504228
504229
504230
504231
504232
504233
504234
504235
504236
504237
504238
504239
504240
504241
504242
504243
504244
504245
504246
504247
504248
504249
2017-02-24 19:57 Refreshing browser
504250
504251
504252
504253
504254
504255
504256
504257
504258
504259
504260
504261
504262
504263
504264
504265
504266
504267
504268
504269
504270
504271
504272
504273
504274
504275
504276
504277
504278
504279
504280
504281
504282
504283
504284
504285
504286
504287
504288
504289
504290
504291
504292
504293
504294
504295
504296
504297
504298
504299
2017-02-24 20:01 Refreshing browser
504300
504301
504302
504303
504304
504305
504306
504307
504308
504309
504310
504311
504312
504313
504314
504315
504316
504317
504318
504319
504320
504321
504322
504323
504324
504325
504326
504327
504328
504329
504330
504331
504332
504333
504334
504335
504336
504337
504338
504339
504340
504341
504342
504343
504344
504345
504346
504347
504348
504349
2017-02-24 20:05 Refreshing browser
504350
504351
504352
504353
504354
504355
504356
504357
504358
504359
504360
504361
504362
504363
504364
504365
504366
504367
504368
504369
504370
504371
504372
504373
504374
504375
504376
504377
504378
504379
504380
504381
504382
504383
504384
504385
504386
504387
504388
504389
504390
504391
504392
504393
504394
504395
504396
504397
504398
504399
2017-02-24 20:09 Refreshing browser
504400
504401
504402
504403
504404
504405
504406
504407
504408
504409
504410
504411
504412
504413
504414
504415
504416
504417
504418
504419
504420
504421
504422
504423
504424
504425
504426
504427
504428
504429
504430
504431
504432
504433
504434
504435
504436
504437
504438
504439
504440
504441
504442
504443
504444
504445
504446
504447
504448
504449
2017-02-24 20:13 Refreshing browser
504450
504451
504452
504453
504454
504455
504456
504457
504458
504459
504460
504461
504462
504463
504464
504465
504466
504467
504468
504469
504470
504471
504472
504473
504474
504475
504476
504477
504478
504479
504480
504481
504482
504483
504484
504485
504486
504487
504488
504489
504490
504491
504492
504493
504494
504495
504496
504497
504498
504499
2017-02-24 20:17 Refreshing browser
504500
504501
504502
504503
504504
504505
504506
504507
504508
504509
504510
504511
504512
504513
504514
504515
504516
504517
504518
504519
504520
504521
504522
504523
504524
504525
504526
504527
504528
504529
504530
504531
504532
504533
504534
504535
504536
504537
504538
504539
504540
504541
504542
504543
504544
504545
504546
504547
504548
504549
2017-02-24 20:21 Refreshing browser
504550
504551
504552
504553
504554
504555
504556
504557
504558
504559
504560
504561
504562
504563
504564
504565
504566
504567
504568
504569
504570
504571
504572
504573
504574
504575
504576
504577
504578
504579
504580
504581
504582
504583
504584
504585
504586
504587
504588
504589
504590
504591
504592
504593
504594
504595
504596
504597
504598
504599
2017-02-24 20:25 Refreshing browser
504600
504601
504602
504603
504604
504605
504606
504607
504608
504609
504610
504611
504612
504613
504614
504615
504616
504617
504618
504619
504620
504621
504622
504623
504624
504625
504626
504627
504628
504629
504630
504631
504632
504633
504634
504635
504636
504637
504638
504639
504640
504641
504642
504643
504644
504645
504646
504647
504648
504649
2017-02-24 20:29 Refreshing browser
504650
504651
504652
504653
504654
504655
504656
504657
504658
504659
504660
504661
504662
504663
504664
504665
504666
504667
504668
504669
504670
504671
504672
504673
504674
504675
504676
504677
504678
504679
504680
504681
504682
504683
504684
504685
504686
504687
504688
504689
504690
504691
504692
504693
504694
504695
504696
504697
504698
504699
2017-02-24 20:33 Refreshing browser
504700
504701
504702
504703
504704
504705
504706
504707
504708
504709
504710
504711
504712
504713
504714
504715
504716
504717
504718
504719
504720
504721
504722
504723
504724
504725
504726
504727
504728
504729
504730
504731
504732
504733
504734
504735
504736
504737
504738
504739
504740
504741
504742
504743
504744
504745
504746
504747
504748
504749
2017-02-24 20:37 Refreshing browser
504750
504751
504752
504753
504754
504755
504756
504757
504758
504759
504760
504761
504762
504763
504764
504765
504766
504767
504768
504769
504770
504771
504772
504773
504774
504775
504776
504777
504778
504779
504780
504781
504782
504783
504784
504785
504786
504787
504788
504789
504790
504791
504792
504793
504794
504795
504796
504797
504798
504799
2017-02-24 20:41 Refreshing browser
504800
504801
504802
504803
504804
504805
504806
504807
504808
504809
504810
504811
504812
504813
504814
504815
504816
504817
504818
504819
504820
504821
504822
504823
504824
504825
504826
504827
504828
504829
504830
504831
504832
504833
504834
504835
504836
504837
504838
504839
504840
504841
504842
504843
504844
504845
504846
504847
504848
504849
2017-02-24 20:46 Refreshing browser
504850
504851
504852
504853
504854
504855
504856
504857
504858
504859
504860
504861
504862
504863
504864
504865
504866
504867
504868
504869
504870
504871
504872
504873
504874
504875
504876
504877
504878
504879
504880
504881
504882
504883
504884
504885
504886
504887
504888
504889
504890
504891
504892
504893
504894
504895
504896
504897
504898
504899
2017-02-24 20:49 Refreshing browser
504900
504901
504902
504903
504904
504905
504906
504907
504908
504909
504910
504911
504912
504913
504914
504915
504916
504917
504918
504919
504920
504921
504922
504923
504924
504925
504926
504927
504928
504929
504930
504931
504932
504933
504934
504935
504936
504937
504938
504939
504940
504941
504942
504943
504944
504945
504946
504947
504948
504949
2017-02-24 20:53 Refreshing browser
504950
504951
504952
504953
504954
504955
504956
504957
504958
504959
504960
504961
504962
504963
504964
504965
504966
504967
504968
504969
504970
504971
504972
504973
504974
504975
504976
504977
504978
504979
504980
504981
504982
504983
504984
504985
504986
504987
504988
504989
504990
504991
504992
504993
504994
504995
504996
504997
504998
504999
2017-02-24 20:58 Refreshing browser
505000
505001
505002
505003
505004
505005
505006
505007
505008
505009
505010
505011
505012
505013
505014
505015
505016
505017
505018
505019
505020
505021
505022
505023
505024
505025
505026
505027
505028
505029
505030
505031
505032
505033
505034
505035
505036
505037
505038
505039
505040
505041
505042
505043
505044
505045
505046
505047
505048
505049
2017-02-24 21:01 Refreshing browser
505050
505051
505052
505053
505054
505055
505056
505057
505058
505059
505060
505061
505062
505063
505064
505065
505066
505067
505068
505069
505070
505071
505072
505073
505074
505075
505076
505077
505078
505079
505080
505081
505082
505083
505084
505085
505086
505087
505088
505089
505090
505091
505092
505093
505094
505095
505096
505097
505098
505099
2017-02-24 21:06 Refreshing browser
505100
505101
505102
505103
505104
505105
505106
505107
505108
505109
505110
505111
505112
505113
505114
505115
505116
505117
505118
505119
505120
505121
505122
505123
505124
505125
505126
505127
505128
505129
505130
505131
505132
505133
505134
505135
505136
505137
505138
505139
505140
505141
505142
505143
505144
505145
505146
505147
505148
505149
2017-02-24 21:10 Refreshing browser
505150
505151
505152
505153
505154
505155
505156
505157
505158
505159
505160
505161
505162
505163
505164
505165
505166
505167
505168
505169
505170
505171
505172
505173
505174
505175
505176
505177
505178
505179
505180
505181
505182
505183
505184
505185
505186
505187
505188
505189
505190
505191
505192
505193
505194
505195
505196
505197
505198
505199
2017-02-24 21:14 Refreshing browser
505200
505201
505202
505203
505204
505205
505206
505207
505208
505209
505210
505211
505212
505213
505214
505215
505216
505217
505218
505219
505220
505221
505222
505223
505224
505225
505226
505227
505228
505229
505230
505231
505232
505233
505234
505235
505236
505237
505238
505239
505240
505241
505242
505243
505244
505245
505246
505247
505248
505249
2017-02-24 21:18 Refreshing browser
505250
505251
505252
505253
505254
505255
505256
505257
505258
505259
505260
505261
505262
505263
505264
505265
505266
505267
505268
505269
505270
505271
505272
505273
505274
505275
505276
505277
505278
505279
505280
505281
505282
505283
505284
505285
505286
505287
505288
505289
505290
505291
505292
505293
505294
505295
505296
505297
505298
505299
2017-02-24 21:22 Refreshing browser
505300
505301
505302
505303
505304
505305
505306
505307
505308
505309
505310
505311
505312
505313
505314
505315
505316
505317
505318
505319
505320
505321
505322
505323
505324
505325
505326
505327
505328
505329
505330
505331
505332
505333
505334
505335
505336
505337
505338
505339
505340
505341
505342
505343
505344
505345
505346
505347
505348
505349
2017-02-24 21:26 Refreshing browser
505350
505351
505352
505353
505354
505355
505356
505357
505358
505359
505360
505361
505362
505363
505364
505365
505366
505367
505368
505369
505370
505371
505372
505373
505374
505375
505376
505377
505378
505379
505380
505381
505382
505383
505384
505385
505386
505387
505388
505389
505390
505391
505392
505393
505394
505395
505396
505397
505398
505399
2017-02-24 21:30 Refreshing browser
505400
505401
505402
505403
505404
505405
505406
505407
505408
505409
505410
505411
505412
505413
505414
505415
505416
505417
505418
505419
505420
505421
505422
505423
505424
505425
505426
505427
505428
505429
505430
505431
505432
505433
505434
505435
505436
505437
505438
505439
505440
505441
505442
505443
505444
505445
505446
505447
505448
505449
2017-02-24 21:34 Refreshing browser
505450
505451
505452
505453
505454
505455
505456
505457
505458
505459
505460
505461
505462
505463
505464
505465
505466
505467
505468
505469
505470
505471
505472
505473
505474
505475
505476
505477
505478
505479
505480
505481
505482
505483
505484
505485
505486
505487
505488
505489
505490
505491
505492
505493
505494
505495
505496
505497
505498
505499
2017-02-24 21:38 Refreshing browser
505500
505501
505502
505503
505504
505505
505506
505507
505508
505509
505510
505511
505512
505513
505514
505515
505516
505517
505518
505519
505520
505521
505522
505523
505524
505525
505526
505527
505528
505529
505530
505531
505532
505533
505534
505535
505536
505537
505538
505539
505540
505541
505542
505543
505544
505545
505546
505547
505548
505549
2017-02-24 21:43 Refreshing browser
505550
505551
505552
505553
505554
505555
505556
505557
505558
505559
505560
505561
505562
505563
505564
505565
505566
505567
505568
505569
505570
505571
505572
505573
505574
505575
505576
505577
505578
505579
505580
505581
505582
505583
505584
505585
505586
505587
505588
505589
505590
505591
505592
505593
505594
505595
505596
505597
505598
505599
2017-02-24 21:47 Refreshing browser
505600
505601
505602
505603
505604
505605
505606
505607
505608
505609
505610
505611
505612
505613
505614
505615
505616
505617
505618
505619
505620
505621
505622
505623
505624
505625
505626
505627
505628
505629
505630
505631
505632
505633
505634
505635
505636
505637
505638
505639
505640
505641
505642
505643
505644
505645
505646
505647
505648
505649
2017-02-24 21:52 Refreshing browser
505650
505651
505652
505653
505654
505655
505656
505657
505658
505659
505660
505661
505662
505663
505664
505665
505666
505667
505668
505669
505670
505671
505672
505673
505674
505675
505676
505677
505678
505679
505680
505681
505682
505683
505684
505685
505686
505687
505688
505689
505690
505691
505692
505693
505694
505695
505696
505697
505698
505699
2017-02-24 21:57 Refreshing browser
505700
505701
505702
505703
505704
505705
505706
505707
505708
505709
505710
505711
505712
505713
505714
505715
505716
505717
505718
505719
505720
505721
505722
505723
505724
505725
505726
505727
505728
505729
505730
505731
505732
505733
505734
505735
505736
505737
505738
505739
505740
505741
505742
505743
505744
505745
505746
505747
505748
505749
2017-02-24 22:02 Refreshing browser
505750
505751
505752
505753
505754
505755
505756
505757
505758
505759
505760
505761
505762
505763
505764
505765
505766
505767
505768
505769
505770
505771
505772
505773
505774
505775
505776
505777
505778
505779
505780
505781
505782
505783
505784
505785
505786
505787
505788
505789
505790
505791
505792
505793
505794
505795
505796
505797
505798
505799
2017-02-24 22:06 Refreshing browser
505800
505801
505802
505803
505804
505805
505806
505807
505808
505809
505810
505811
505812
505813
505814
505815
505816
505817
505818
505819
505820
505821
505822
505823
505824
505825
505826
505827
505828
505829
505830
505831
505832
505833
505834
505835
505836
505837
505838
505839
505840
505841
505842
505843
505844
505845
505846
505847
505848
505849
2017-02-24 22:11 Refreshing browser
505850
505851
505852
505853
505854
505855
505856
505857
505858
505859
505860
505861
505862
505863
505864
505865
505866
505867
505868
505869
505870
505871
505872
505873
505874
505875
505876
505877
505878
505879
505880
505881
505882
505883
505884
505885
505886
505887
505888
505889
505890
505891
505892
505893
505894
505895
505896
505897
505898
505899
2017-02-24 22:15 Refreshing browser
505900
505901
505902
505903
505904
505905
505906
505907
505908
505909
505910
505911
505912
505913
505914
505915
505916
505917
505918
505919
505920
505921
505922
505923
505924
505925
505926
505927
505928
505929
505930
505931
505932
505933
505934
505935
505936
505937
505938
505939
505940
505941
505942
505943
505944
505945
505946
505947
505948
505949
2017-02-24 22:19 Refreshing browser
505950
505951
505952
505953
505954
505955
505956
505957
505958
505959
505960
505961
505962
505963
505964
505965
505966
505967
505968
505969
505970
505971
505972
505973
505974
505975
505976
505977
505978
505979
505980
505981
505982
505983
505984
505985
505986
505987
505988
505989
505990
505991
505992
505993
505994
505995
505996
505997
505998
505999
2017-02-24 22:23 Refreshing browser
506000
506001
506002
506003
506004
506005
506006
506007
506008
506009
506010
506011
506012
506013
506014
506015
506016
506017
506018
506019
506020
506021
506022
506023
506024
506025
506026
506027
506028
506029
506030
506031
506032
506033
506034
506035
506036
506037
506038
506039
506040
506041
506042
506043
506044
506045
506046
506047
506048
506049
2017-02-24 22:27 Refreshing browser
506050
506051
506052
506053
506054
506055
506056
506057
506058
506059
506060
506061
506062
506063
506064
506065
506066
506067
506068
506069
506070
506071
506072
506073
506074
506075
506076
506077
506078
506079
506080
506081
506082
506083
506084
506085
506086
506087
506088
506089
506090
506091
506092
506093
506094
506095
506096
506097
506098
506099
2017-02-24 22:31 Refreshing browser
506100
506101
506102
506103
506104
506105
506106
506107
506108
506109
506110
506111
506112
506113
506114
506115
506116
506117
506118
506119
506120
506121
506122
506123
506124
506125
506126
506127
506128
506129
506130
506131
506132
506133
506134
506135
506136
506137
506138
506139
506140
506141
506142
506143
506144
506145
506146
506147
506148
506149
2017-02-24 22:35 Refreshing browser
506150
506151
506152
506153
506154
506155
506156
506157
506158
506159
506160
506161
506162
506163
506164
506165
506166
506167
506168
506169
506170
506171
506172
506173
506174
506175
506176
506177
506178
506179
506180
506181
506182
506183
506184
506185
506186
506187
506188
506189
506190
506191
506192
506193
506194
506195
506196
506197
506198
506199
2017-02-24 22:38 Refreshing browser
506200
506201
506202
506203
506204
506205
506206
506207
506208
506209
506210
506211
506212
506213
506214
506215
506216
506217
506218
506219
506220
506221
506222
506223
506224
506225
506226
506227
506228
506229
506230
506231
506232
506233
506234
506235
506236
506237
506238
506239
506240
506241
506242
506243
506244
506245
506246
506247
506248
506249
2017-02-24 22:42 Refreshing browser
506250
506251
506252
506253
506254
506255
506256
506257
506258
506259
506260
506261
506262
506263
506264
506265
506266
506267
506268
506269
506270
506271
506272
506273
506274
506275
506276
506277
506278
506279
506280
506281
506282
506283
506284
506285
506286
506287
506288
506289
506290
506291
506292
506293
506294
506295
506296
506297
506298
506299
2017-02-24 22:47 Refreshing browser
506300
506301
506302
506303
506304
506305
506306
506307
506308
506309
506310
506311
506312
506313
506314
506315
506316
506317
506318
506319
506320
506321
506322
506323
506324
506325
506326
506327
506328
506329
506330
506331
506332
506333
506334
506335
506336
506337
506338
506339
506340
506341
506342
506343
506344
506345
506346
506347
506348
506349
2017-02-24 22:51 Refreshing browser
506350
506351
506352
506353
506354
506355
506356
506357
506358
506359
506360
506361
506362
506363
506364
506365
506366
506367
506368
506369
506370
506371
506372
506373
506374
506375
506376
506377
506378
506379
506380
506381
506382
506383
506384
506385
506386
506387
506388
506389
506390
506391
506392
506393
506394
506395
506396
506397
506398
506399
2017-02-24 22:55 Refreshing browser
506400
506401
506402
506403
506404
506405
506406
506407
506408
506409
506410
506411
506412
506413
506414
506415
506416
506417
506418
506419
506420
506421
506422
506423
506424
506425
506426
506427
506428
506429
506430
506431
506432
506433
506434
506435
506436
506437
506438
506439
506440
506441
506442
506443
506444
506445
506446
506447
506448
506449
2017-02-24 22:59 Refreshing browser
506450
506451
506452
506453
506454
506455
506456
506457
506458
506459
506460
506461
506462
506463
506464
506465
506466
506467
506468
506469
506470
506471
506472
506473
506474
506475
506476
506477
506478
506479
506480
506481
506482
506483
506484
506485
506486
506487
506488
506489
506490
506491
506492
506493
506494
506495
506496
506497
506498
506499
2017-02-24 23:03 Refreshing browser
506500
506501
506502
506503
506504
506505
506506
506507
506508
506509
506510
506511
506512
506513
506514
506515
506516
506517
506518
506519
506520
506521
506522
506523
506524
506525
506526
506527
506528
506529
506530
506531
506532
506533
506534
506535
506536
506537
506538
506539
506540
506541
506542
506543
506544
506545
506546
506547
506548
506549
2017-02-24 23:07 Refreshing browser
506550
506551
506552
506553
506554
506555
506556
506557
506558
506559
506560
506561
506562
506563
506564
506565
506566
506567
506568
506569
506570
506571
506572
506573
506574
506575
506576
506577
506578
506579
506580
506581
506582
506583
506584
506585
506586
506587
506588
506589
506590
506591
506592
506593
506594
506595
506596
506597
506598
506599
2017-02-24 23:11 Refreshing browser
506600
506601
506602
506603
506604
506605
506606
506607
506608
506609
506610
506611
506612
506613
506614
506615
506616
506617
506618
506619
506620
506621
506622
506623
506624
506625
506626
506627
506628
506629
506630
506631
506632
506633
506634
506635
506636
506637
506638
506639
506640
506641
506642
506643
506644
506645
506646
506647
506648
506649
2017-02-24 23:16 Refreshing browser
506650
506651
506652
506653
506654
506655
506656
506657
506658
506659
506660
506661
506662
506663
506664
506665
506666
506667
506668
506669
506670
506671
506672
506673
506674
506675
506676
506677
506678
506679
506680
506681
506682
506683
506684
506685
506686
506687
506688
506689
506690
506691
506692
506693
506694
506695
506696
506697
506698
506699
2017-02-24 23:20 Refreshing browser
506700
506701
506702
506703
506704
506705
506706
506707
506708
506709
506710
506711
506712
506713
506714
506715
506716
506717
506718
506719
506720
506721
506722
506723
506724
506725
506726
506727
506728
506729
506730
506731
506732
506733
506734
506735
506736
506737
506738
506739
506740
506741
506742
506743
506744
506745
506746
506747
506748
506749
2017-02-24 23:24 Refreshing browser
506750
506751
506752
506753
506754
506755
506756
506757
506758
506759
506760
506761
506762
506763
506764
506765
506766
506767
506768
506769
506770
506771
506772
506773
506774
506775
506776
506777
506778
506779
506780
506781
506782
506783
506784
506785
506786
506787
506788
506789
506790
506791
506792
506793
506794
506795
506796
506797
506798
506799
2017-02-24 23:28 Refreshing browser
506800
506801
506802
506803
506804
506805
506806
506807
506808
506809
506810
506811
506812
506813
506814
506815
506816
506817
506818
506819
506820
506821
506822
506823
506824
506825
506826
506827
506828
506829
506830
506831
506832
506833
506834
506835
506836
506837
506838
506839
506840
506841
506842
506843
506844
506845
506846
506847
506848
506849
2017-02-24 23:32 Refreshing browser
506850
506851
506852
506853
506854
506855
506856
506857
506858
506859
506860
506861
506862
506863
506864
506865
506866
506867
506868
506869
506870
506871
506872
506873
506874
506875
506876
506877
506878
506879
506880
506881
506882
506883
506884
506885
506886
506887
506888
506889
506890
506891
506892
506893
506894
506895
506896
506897
506898
506899
2017-02-24 23:36 Refreshing browser
506900
506901
506902
506903
506904
506905
506906
506907
506908
506909
506910
506911
506912
506913
506914
506915
506916
506917
506918
506919
506920
506921
506922
506923
506924
506925
506926
506927
506928
506929
506930
506931
506932
506933
506934
506935
506936
506937
506938
506939
506940
506941
506942
506943
506944
506945
506946
506947
506948
506949
2017-02-24 23:40 Refreshing browser
506950
506951
506952
506953
506954
506955
506956
506957
506958
506959
506960
506961
506962
506963
506964
506965
506966
506967
506968
506969
506970
506971
506972
506973
506974
506975
506976
506977
506978
506979
506980
506981
506982
506983
506984
506985
506986
506987
506988
506989
506990
506991
506992
506993
506994
506995
506996
506997
506998
506999
2017-02-24 23:44 Refreshing browser
507000
507001
507002
507003
507004
507005
507006
507007
507008
507009
507010
507011
507012
507013
507014
507015
507016
507017
507018
507019
507020
507021
507022
507023
507024
507025
507026
507027
507028
507029
507030
507031
507032
507033
507034
507035
507036
507037
507038
507039
507040
507041
507042
507043
507044
507045
507046
507047
507048
507049
2017-02-24 23:48 Refreshing browser
507050
507051
507052
507053
507054
507055
507056
507057
507058
507059
507060
507061
507062
507063
507064
507065
507066
507067
507068
507069
507070
507071
507072
507073
507074
507075
507076
507077
507078
507079
507080
507081
507082
507083
507084
507085
507086
507087
507088
507089
507090
507091
507092
507093
507094
507095
507096
507097
507098
507099
2017-02-24 23:53 Refreshing browser
507100
507101
507102
507103
507104
507105
507106
507107
507108
507109
507110
507111
507112
507113
507114
507115
507116
507117
507118
507119
507120
507121
507122
507123
507124
507125
507126
507127
507128
507129
507130
507131
507132
507133
507134
507135
507136
507137
507138
507139
507140
507141
507142
507143
507144
507145
507146
507147
507148
507149
2017-02-24 23:57 Refreshing browser
507150
507151
507152
507153
507154
507155
507156
507157
507158
507159
507160
507161
507162
507163
507164
507165
507166
507167
507168
507169
507170
507171
507172
507173
507174
507175
507176
507177
507178
507179
507180
507181
507182
507183
507184
507185
507186
507187
507188
507189
507190
507191
507192
507193
507194
507195
507196
507197
507198
507199
2017-02-25 00:01 Refreshing browser
507200
507201
507202
507203
507204
507205
507206
507207
507208
507209
507210
507211
507212
507213
507214
507215
507216
507217
507218
507219
507220
507221
507222
507223
507224
507225
507226
507227
507228
507229
507230
507231
507232
507233
507234
507235
507236
507237
507238
507239
507240
507241
507242
507243
507244
507245
507246
507247
507248
507249
2017-02-25 00:05 Refreshing browser
507250
507251
507252
507253
507254
507255
507256
507257
507258
507259
507260
507261
507262
507263
507264
507265
507266
507267
507268
507269
507270
507271
507272
507273
507274
507275
507276
507277
507278
507279
507280
507281
507282
507283
507284
507285
507286
507287
507288
507289
507290
507291
507292
507293
507294
507295
507296
507297
507298
507299
2017-02-25 00:09 Refreshing browser
507300
507301
507302
507303
507304
507305
507306
507307
507308
507309
507310
507311
507312
507313
507314
507315
507316
507317
507318
507319
507320
507321
507322
507323
507324
507325
507326
507327
507328
507329
507330
507331
507332
507333
507334
507335
507336
507337
507338
507339
507340
507341
507342
507343
507344
507345
507346
507347
507348
507349
2017-02-25 00:13 Refreshing browser
507350
507351
507352
507353
507354
507355
507356
507357
507358
507359
507360
507361
507362
507363
507364
507365
507366
507367
507368
507369
507370
507371
507372
507373
507374
507375
507376
507377
507378
507379
507380
507381
507382
507383
507384
507385
507386
507387
507388
507389
507390
507391
507392
507393
507394
507395
507396
507397
507398
507399
2017-02-25 00:17 Refreshing browser
507400
507401
507402
507403
507404
507405
507406
507407
507408
507409
507410
507411
507412
507413
507414
507415
507416
507417
507418
507419
507420
507421
507422
507423
507424
507425
507426
507427
507428
507429
507430
507431
507432
507433
507434
507435
507436
507437
507438
507439
507440
507441
507442
507443
507444
507445
507446
507447
507448
507449
2017-02-25 00:21 Refreshing browser
507450
507451
507452
507453
507454
507455
507456
507457
507458
507459
507460
507461
507462
507463
507464
507465
507466
507467
507468
507469
507470
507471
507472
507473
507474
507475
507476
507477
507478
507479
507480
507481
507482
507483
507484
507485
507486
507487
507488
507489
507490
507491
507492
507493
507494
507495
507496
507497
507498
507499
2017-02-25 00:25 Refreshing browser
507500
507501
507502
507503
507504
507505
507506
507507
507508
507509
507510
507511
507512
507513
507514
507515
507516
507517
507518
507519
507520
507521
507522
507523
507524
507525
507526
507527
507528
507529
507530
507531
507532
507533
507534
507535
507536
507537
507538
507539
507540
507541
507542
507543
507544
507545
507546
507547
507548
507549
2017-02-25 00:29 Refreshing browser
507550
507551
507552
507553
507554
507555
507556
507557
507558
507559
507560
507561
507562
507563
507564
507565
507566
507567
507568
507569
507570
507571
507572
507573
507574
507575
507576
507577
507578
507579
507580
507581
507582
507583
507584
507585
507586
507587
507588
507589
507590
507591
507592
507593
507594
507595
507596
507597
507598
507599
2017-02-25 00:34 Refreshing browser
507600
507601
507602
507603
507604
507605
507606
507607
507608
507609
507610
507611
507612
507613
507614
507615
507616
507617
507618
507619
507620
507621
507622
507623
507624
507625
507626
507627
507628
507629
507630
507631
507632
507633
507634
507635
507636
507637
507638
507639
507640
507641
507642
507643
507644
507645
507646
507647
507648
507649
2017-02-25 00:38 Refreshing browser
507650
507651
507652
507653
507654
507655
507656
507657
507658
507659
507660
507661
507662
507663
507664
507665
507666
507667
507668
507669
507670
507671
507672
507673
507674
507675
507676
507677
507678
507679
507680
507681
507682
507683
507684
507685
507686
507687
507688
507689
507690
507691
507692
507693
507694
507695
507696
507697
507698
507699
2017-02-25 00:42 Refreshing browser
507700
507701
507702
507703
507704
507705
507706
507707
507708
507709
507710
507711
507712
507713
507714
507715
507716
507717
507718
507719
507720
507721
507722
507723
507724
507725
507726
507727
507728
507729
507730
507731
507732
507733
507734
507735
507736
507737
507738
507739
507740
507741
507742
507743
507744
507745
507746
507747
507748
507749
2017-02-25 00:46 Refreshing browser
507750
507751
507752
507753
507754
507755
507756
507757
507758
507759
507760
507761
507762
507763
507764
507765
507766
507767
507768
507769
507770
507771
507772
507773
507774
507775
507776
507777
507778
507779
507780
507781
507782
507783
507784
507785
507786
507787
507788
507789
507790
507791
507792
507793
507794
507795
507796
507797
507798
507799
2017-02-25 00:50 Refreshing browser
507800
507801
507802
507803
507804
507805
507806
507807
507808
507809
507810
507811
507812
507813
507814
507815
507816
507817
507818
507819
507820
507821
507822
507823
507824
507825
507826
507827
507828
507829
507830
507831
507832
507833
507834
507835
507836
507837
507838
507839
507840
507841
507842
507843
507844
507845
507846
507847
507848
507849
2017-02-25 00:55 Refreshing browser
507850
507851
507852
507853
507854
507855
507856
507857
507858
507859
507860
507861
507862
507863
507864
507865
507866
507867
507868
507869
507870
507871
507872
507873
507874
507875
507876
507877
507878
507879
507880
507881
507882
507883
507884
507885
507886
507887
507888
507889
507890
507891
507892
507893
507894
507895
507896
507897
507898
507899
2017-02-25 00:59 Refreshing browser
507900
507901
507902
507903
507904
507905
507906
507907
507908
507909
507910
507911
507912
507913
507914
507915
507916
507917
507918
507919
507920
507921
507922
507923
507924
507925
507926
507927
507928
507929
507930
507931
507932
507933
507934
507935
507936
507937
507938
507939
507940
507941
507942
507943
507944
507945
507946
507947
507948
507949
2017-02-25 01:03 Refreshing browser
507950
507951
507952
507953
507954
507955
507956
507957
507958
507959
507960
507961
507962
507963
507964
507965
507966
507967
507968
507969
507970
507971
507972
507973
507974
507975
507976
507977
507978
507979
507980
507981
507982
507983
507984
507985
507986
507987
507988
507989
507990
507991
507992
507993
507994
507995
507996
507997
507998
507999
2017-02-25 01:07 Refreshing browser
508000
508001
508002
508003
508004
508005
508006
508007
508008
508009
508010
508011
508012
508013
508014
508015
508016
508017
508018
508019
508020
508021
508022
508023
508024
508025
508026
508027
508028
508029
508030
508031
508032
508033
508034
508035
508036
508037
508038
508039
508040
508041
508042
508043
508044
508045
508046
508047
508048
508049
2017-02-25 01:11 Refreshing browser
508050
508051
508052
508053
508054
508055
508056
508057
508058
508059
508060
508061
508062
508063
508064
508065
508066
508067
508068
508069
508070
508071
508072
508073
508074
508075
508076
508077
508078
508079
508080
508081
508082
508083
508084
508085
508086
508087
508088
508089
508090
508091
508092
508093
508094
508095
508096
508097
508098
508099
2017-02-25 01:15 Refreshing browser
508100
508101
508102
508103
508104
508105
508106
508107
508108
508109
508110
508111
508112
508113
508114
508115
508116
508117
508118
508119
508120
508121
508122
508123
508124
508125
508126
508127
508128
508129
508130
508131
508132
508133
508134
508135
508136
508137
508138
508139
508140
508141
508142
508143
508144
508145
508146
508147
508148
508149
2017-02-25 01:20 Refreshing browser
508150
508151
508152
508153
508154
508155
508156
508157
508158
508159
508160
508161
508162
508163
508164
508165
508166
508167
508168
508169
508170
508171
508172
508173
508174
508175
508176
508177
508178
508179
508180
508181
508182
508183
508184
508185
508186
508187
508188
508189
508190
508191
508192
508193
508194
508195
508196
508197
508198
508199
2017-02-25 01:24 Refreshing browser
508200
508201
508202
508203
508204
508205
508206
508207
508208
508209
508210
508211
508212
508213
508214
508215
508216
508217
508218
508219
508220
508221
508222
508223
508224
508225
508226
508227
508228
508229
508230
508231
508232
508233
508234
508235
508236
508237
508238
508239
508240
508241
508242
508243
508244
508245
508246
508247
508248
508249
2017-02-25 01:28 Refreshing browser
508250
508251
508252
508253
508254
508255
508256
508257
508258
508259
508260
508261
508262
508263
508264
508265
508266
508267
508268
508269
508270
508271
508272
508273
508274
508275
508276
508277
508278
508279
508280
508281
508282
508283
508284
508285
508286
508287
508288
508289
508290
508291
508292
508293
508294
508295
508296
508297
508298
508299
2017-02-25 01:32 Refreshing browser
508300
508301
508302
508303
508304
508305
508306
508307
508308
508309
508310
508311
508312
508313
508314
508315
508316
508317
508318
508319
508320
508321
508322
508323
508324
508325
508326
508327
508328
508329
508330
508331
508332
508333
508334
508335
508336
508337
508338
508339
508340
508341
508342
508343
508344
508345
508346
508347
508348
508349
2017-02-25 01:36 Refreshing browser
508350
508351
508352
508353
508354
508355
508356
508357
508358
508359
508360
508361
508362
508363
508364
508365
508366
508367
508368
508369
508370
508371
508372
508373
508374
508375
508376
508377
508378
508379
508380
508381
508382
508383
508384
508385
508386
508387
508388
508389
508390
508391
508392
508393
508394
508395
508396
508397
508398
508399
2017-02-25 01:40 Refreshing browser
508400
508401
508402
508403
508404
508405
508406
508407
508408
508409
508410
508411
508412
508413
508414
508415
508416
508417
508418
508419
508420
508421
508422
508423
508424
508425
508426
508427
508428
508429
508430
508431
508432
508433
508434
508435
508436
508437
508438
508439
508440
508441
508442
508443
508444
508445
508446
508447
508448
508449
2017-02-25 01:45 Refreshing browser
508450
508451
508452
508453
508454
508455
508456
508457
508458
508459
508460
508461
508462
508463
508464
508465
508466
508467
508468
508469
508470
508471
508472
508473
508474
508475
508476
508477
508478
508479
508480
508481
508482
508483
508484
508485
508486
508487
508488
508489
508490
508491
508492
508493
508494
508495
508496
508497
508498
508499
2017-02-25 01:49 Refreshing browser
508500
508501
508502
508503
508504
508505
508506
508507
508508
508509
508510
508511
508512
508513
508514
508515
508516
508517
508518
508519
508520
508521
508522
508523
508524
508525
508526
508527
508528
508529
508530
508531
508532
508533
508534
508535
508536
508537
508538
508539
508540
508541
508542
508543
508544
508545
508546
508547
508548
508549
2017-02-25 01:53 Refreshing browser
508550
508551
508552
508553
508554
508555
508556
508557
508558
508559
508560
508561
508562
508563
508564
508565
508566
508567
508568
508569
508570
508571
508572
508573
508574
508575
508576
508577
508578
508579
508580
508581
508582
508583
508584
508585
508586
508587
508588
508589
508590
508591
508592
508593
508594
508595
508596
508597
508598
508599
2017-02-25 01:58 Refreshing browser
508600
508601
508602
508603
508604
508605
508606
508607
508608
508609
508610
508611
508612
508613
508614
508615
508616
508617
508618
508619
508620
508621
508622
508623
508624
508625
508626
508627
508628
508629
508630
508631
508632
508633
508634
508635
508636
508637
508638
508639
508640
508641
508642
508643
508644
508645
508646
508647
508648
508649
2017-02-25 02:02 Refreshing browser
508650
508651
508652
508653
508654
508655
508656
508657
508658
508659
508660
508661
508662
508663
508664
508665
508666
508667
508668
508669
508670
508671
508672
508673
508674
508675
508676
508677
508678
508679
508680
508681
508682
508683
508684
508685
508686
508687
508688
508689
508690
508691
508692
508693
508694
508695
508696
508697
508698
508699
2017-02-25 02:06 Refreshing browser
508700
508701
508702
508703
508704
508705
508706
508707
508708
508709
508710
508711
508712
508713
508714
508715
508716
508717
508718
508719
508720
508721
508722
508723
508724
508725
508726
508727
508728
508729
508730
508731
508732
508733
508734
508735
508736
508737
508738
508739
508740
508741
508742
508743
508744
508745
508746
508747
508748
508749
2017-02-25 02:10 Refreshing browser
