From 400001 to 500000
2017-02-23 09:53 Start
 Resuming work
463545
463546
463547
463548
463549
2017-02-23 09:54 Refreshing browser
463550
463551
463552
463553
463554
463555
463556
463557
463558
463559
463560
463561
463562
463563
463564
463565
463566
463567
463568
463569
463570
463571
463572
463573
463574
463575
463576
463577
463578
463579
463580
463581
463582
463583
463584
463585
463586
463587
463588
463589
463590
463591
463592
463593
463594
463595
463596
463597
463598
463599
2017-02-23 09:58 Refreshing browser
463600
463601
463602
463603
463604
463605
463606
463607
463608
463609
463610
463611
463612
463613
463614
463615
463616
463617
463618
463619
463620
463621
463622
463623
463624
463625
463626
463627
463628
463629
463630
463631
463632
463633
463634
463635
463636
463637
463638
463639
463640
463641
463642
463643
463644
463645
463646
463647
463648
463649
2017-02-23 10:02 Refreshing browser
463650
463651
463652
463653
463654
463655
463656
463657
463658
463659
463660
463661
463662
463663
463664
463665
463666
463667
463668
463669
463670
463671
463672
463673
463674
463675
463676
463677
463678
463679
463680
463681
463682
463683
463684
463685
463686
463687
463688
463689
463690
463691
463692
463693
463694
463695
463696
463697
463698
463699
2017-02-23 10:06 Refreshing browser
463700
463701
463702
463703
463704
463705
463706
463707
463708
463709
463710
463711
463712
463713
463714
463715
463716
463717
463718
463719
463720
463721
463722
463723
463724
463725
463726
463727
463728
463729
463730
463731
463732
463733
463734
463735
463736
463737
463738
463739
463740
463741
463742
463743
463744
463745
463746
463747
463748
463749
2017-02-23 10:10 Refreshing browser
463750
463751
463752
463753
463754
463755
463756
463757
463758
463759
463760
463761
463762
463763
463764
463765
463766
463767
463768
463769
463770
463771
463772
463773
463774
463775
463776
463777
463778
463779
463780
463781
463782
463783
463784
463785
463786
463787
463788
463789
463790
463791
463792
463793
463794
463795
463796
463797
463798
463799
2017-02-23 10:14 Refreshing browser
463800
463801
463802
463803
463804
463805
463806
463807
463808
463809
463810
463811
463812
463813
463814
463815
463816
463817
463818
463819
463820
463821
463822
463823
463824
463825
463826
463827
463828
463829
463830
463831
463832
463833
463834
463835
463836
463837
463838
463839
463840
463841
463842
463843
463844
463845
463846
463847
463848
463849
2017-02-23 10:18 Refreshing browser
463850
463851
463852
463853
463854
463855
463856
463857
463858
463859
463860
463861
463862
463863
463864
463865
463866
463867
463868
463869
463870
463871
463872
463873
463874
463875
463876
463877
463878
463879
463880
463881
463882
463883
463884
463885
463886
463887
463888
463889
463890
463891
463892
463893
463894
463895
463896
463897
463898
463899
2017-02-23 10:22 Refreshing browser
463900
463901
463902
463903
463904
463905
463906
463907
463908
463909
463910
463911
463912
463913
463914
463915
463916
463917
463918
463919
463920
463921
463922
463923
463924
463925
463926
463927
463928
463929
463930
463931
463932
463933
463934
463935
463936
463937
463938
463939
463940
463941
463942
463943
463944
463945
463946
463947
463948
463949
2017-02-23 10:27 Refreshing browser
463950
463951
463952
463953
463954
463955
463956
463957
463958
463959
463960
463961
463962
463963
463964
463965
463966
463967
463968
463969
463970
463971
463972
463973
463974
463975
463976
463977
463978
463979
463980
463981
463982
463983
463984
463985
463986
463987
463988
463989
463990
463991
463992
463993
463994
463995
463996
463997
463998
463999
2017-02-23 10:31 Refreshing browser
464000
464001
464002
464003
464004
464005
464006
464007
464008
464009
464010
464011
464012
464013
464014
464015
464016
464017
464018
464019
464020
464021
464022
464023
464024
464025
464026
464027
464028
464029
464030
464031
464032
464033
464034
464035
464036
464037
464038
464039
464040
464041
464042
464043
464044
464045
464046
464047
464048
464049
2017-02-23 10:35 Refreshing browser
464050
464051
464052
464053
464054
464055
464056
464057
464058
464059
464060
464061
464062
464063
464064
464065
464066
464067
464068
464069
464070
464071
464072
464073
464074
464075
464076
464077
464078
464079
464080
464081
464082
464083
464084
464085
464086
464087
464088
464089
464090
464091
464092
464093
464094
464095
464096
464097
464098
464099
2017-02-23 10:39 Refreshing browser
464100
464101
464102
464103
464104
464105
464106
464107
464108
464109
464110
464111
464112
464113
464114
464115
464116
464117
464118
464119
464120
464121
464122
464123
464124
464125
464126
464127
464128
464129
464130
464131
464132
464133
464134
464135
464136
464137
464138
464139
464140
464141
464142
464143
464144
464145
464146
464147
464148
464149
2017-02-23 10:43 Refreshing browser
464150
464151
464152
464153
464154
464155
464156
464157
464158
464159
464160
464161
464162
464163
464164
464165
464166
464167
464168
464169
464170
464171
464172
464173
464174
464175
464176
464177
464178
464179
464180
464181
464182
464183
464184
464185
464186
464187
464188
464189
464190
464191
464192
464193
464194
464195
464196
464197
464198
464199
2017-02-23 10:47 Refreshing browser
464200
464201
464202
464203
464204
464205
464206
464207
464208
464209
464210
464211
464212
464213
464214
464215
464216
464217
464218
464219
464220
464221
464222
464223
464224
464225
464226
464227
464228
464229
464230
464231
464232
464233
464234
464235
464236
464237
464238
464239
464240
464241
464242
464243
464244
464245
464246
464247
464248
464249
2017-02-23 10:51 Refreshing browser
464250
464251
464252
464253
464254
464255
464256
464257
464258
464259
464260
464261
464262
464263
464264
464265
464266
464267
464268
464269
464270
464271
464272
464273
464274
464275
464276
464277
464278
464279
464280
464281
464282
464283
464284
464285
464286
464287
464288
464289
464290
464291
464292
464293
464294
464295
464296
464297
464298
464299
2017-02-23 10:55 Refreshing browser
464300
464301
464302
464303
464304
464305
464306
464307
464308
464309
464310
464311
464312
464313
464314
464315
464316
464317
464318
464319
464320
464321
464322
464323
464324
464325
464326
464327
464328
464329
464330
464331
464332
464333
464334
464335
464336
464337
464338
464339
464340
464341
464342
464343
464344
464345
464346
464347
464348
464349
2017-02-23 10:59 Refreshing browser
464350
464351
464352
464353
464354
464355
464356
464357
464358
464359
464360
464361
464362
464363
464364
464365
464366
464367
464368
464369
464370
464371
464372
464373
464374
464375
464376
464377
464378
464379
464380
464381
464382
464383
464384
464385
464386
464387
464388
464389
464390
464391
464392
464393
464394
464395
464396
464397
464398
464399
2017-02-23 11:03 Refreshing browser
464400
464401
464402
464403
464404
464405
464406
464407
464408
464409
464410
464411
464412
464413
464414
464415
464416
464417
464418
464419
464420
464421
464422
464423
464424
464425
464426
464427
464428
464429
464430
464431
464432
464433
464434
464435
464436
464437
464438
464439
464440
464441
464442
464443
464444
464445
464446
464447
464448
464449
2017-02-23 11:07 Refreshing browser
464450
464451
464452
464453
464454
464455
464456
464457
464458
464459
464460
464461
464462
464463
464464
464465
464466
464467
464468
464469
464470
464471
464472
464473
464474
464475
464476
464477
464478
464479
464480
464481
464482
464483
464484
464485
464486
464487
464488
464489
464490
464491
464492
464493
464494
464495
464496
464497
464498
464499
2017-02-23 11:11 Refreshing browser
464500
464501
464502
464503
464504
464505
464506
464507
464508
464509
464510
464511
464512
464513
464514
464515
464516
464517
464518
464519
464520
464521
464522
464523
464524
464525
464526
464527
464528
464529
464530
464531
464532
464533
464534
464535
464536
464537
464538
464539
464540
464541
464542
464543
464544
464545
464546
464547
464548
464549
2017-02-23 11:15 Refreshing browser
464550
464551
464552
464553
464554
464555
464556
464557
464558
464559
464560
464561
464562
464563
464564
464565
464566
464567
464568
464569
464570
464571
464572
464573
464574
464575
464576
464577
464578
464579
464580
464581
464582
464583
464584
464585
464586
464587
464588
464589
464590
464591
464592
464593
464594
464595
464596
464597
464598
464599
2017-02-23 11:19 Refreshing browser
464600
464601
464602
464603
464604
464605
464606
464607
464608
464609
464610
464611
464612
464613
464614
464615
464616
464617
464618
464619
464620
464621
464622
464623
464624
464625
464626
464627
464628
464629
464630
464631
464632
464633
464634
464635
464636
464637
464638
464639
464640
464641
464642
464643
464644
464645
464646
464647
464648
464649
2017-02-23 11:23 Refreshing browser
464650
464651
464652
464653
464654
464655
464656
464657
464658
464659
464660
464661
464662
464663
464664
464665
464666
464667
464668
464669
464670
464671
464672
464673
464674
464675
464676
464677
464678
464679
464680
464681
464682
464683
464684
464685
464686
464687
464688
464689
464690
464691
464692
464693
464694
464695
464696
464697
464698
464699
2017-02-23 11:28 Refreshing browser
464700
464701
464702
464703
464704
464705
464706
464707
464708
464709
464710
464711
464712
464713
464714
464715
464716
464717
464718
464719
464720
464721
464722
464723
464724
464725
464726
464727
464728
464729
464730
464731
464732
464733
464734
464735
464736
464737
464738
464739
464740
464741
464742
464743
464744
464745
464746
464747
464748
464749
2017-02-23 11:32 Refreshing browser
464750
464751
464752
464753
464754
464755
464756
464757
464758
464759
464760
464761
464762
464763
464764
464765
464766
464767
464768
464769
464770
464771
464772
464773
464774
464775
464776
464777
464778
464779
464780
464781
464782
464783
464784
464785
464786
464787
464788
464789
464790
464791
464792
464793
464794
464795
464796
464797
464798
464799
2017-02-23 11:36 Refreshing browser
464800
464801
464802
464803
464804
464805
464806
464807
464808
464809
464810
464811
464812
464813
464814
464815
464816
464817
464818
464819
464820
464821
464822
464823
464824
464825
464826
464827
464828
464829
464830
464831
464832
464833
464834
464835
464836
464837
464838
464839
464840
464841
464842
464843
464844
464845
464846
464847
464848
464849
2017-02-23 11:40 Refreshing browser
464850
464851
464852
464853
464854
464855
464856
464857
464858
464859
464860
464861
464862
464863
464864
464865
464866
464867
464868
464869
464870
464871
464872
464873
464874
464875
464876
464877
464878
464879
464880
464881
464882
464883
464884
464885
464886
464887
464888
464889
464890
464891
464892
464893
464894
464895
464896
464897
464898
464899
2017-02-23 11:44 Refreshing browser
464900
464901
464902
464903
464904
464905
464906
464907
464908
464909
464910
464911
464912
464913
464914
464915
464916
464917
464918
464919
464920
464921
464922
464923
464924
464925
464926
464927
464928
464929
464930
464931
464932
464933
464934
464935
464936
464937
464938
464939
464940
464941
464942
464943
464944
464945
464946
464947
464948
464949
2017-02-23 11:49 Refreshing browser
464950
464951
464952
464953
464954
464955
464956
464957
464958
464959
464960
464961
464962
464963
464964
464965
464966
464967
464968
464969
464970
464971
464972
464973
464974
464975
464976
464977
464978
464979
464980
464981
464982
464983
464984
464985
464986
464987
464988
464989
464990
464991
464992
464993
464994
464995
464996
464997
464998
464999
2017-02-23 11:53 Refreshing browser
465000
465001
465002
465003
465004
465005
465006
465007
465008
465009
465010
465011
465012
465013
465014
465015
465016
465017
465018
465019
465020
465021
465022
465023
465024
465025
465026
465027
465028
465029
465030
465031
465032
465033
465034
465035
465036
465037
465038
465039
465040
465041
465042
465043
465044
465045
465046
465047
465048
465049
2017-02-23 11:57 Refreshing browser
465050
465051
465052
465053
465054
465055
465056
465057
465058
465059
465060
465061
465062
465063
465064
465065
465066
465067
465068
465069
465070
465071
465072
465073
465074
465075
465076
465077
465078
465079
465080
465081
465082
465083
465084
465085
465086
465087
465088
465089
465090
465091
465092
465093
465094
465095
465096
465097
465098
465099
2017-02-23 12:01 Refreshing browser
465100
465101
465102
465103
465104
465105
465106
465107
465108
465109
465110
465111
465112
465113
465114
465115
465116
465117
465118
465119
465120
465121
465122
465123
465124
465125
465126
465127
465128
465129
465130
465131
465132
465133
465134
465135
465136
465137
465138
465139
465140
465141
465142
465143
465144
465145
465146
465147
465148
465149
2017-02-23 12:05 Refreshing browser
465150
465151
465152
465153
465154
465155
465156
465157
465158
465159
465160
465161
465162
465163
465164
465165
465166
465167
465168
465169
465170
465171
465172
465173
465174
465175
465176
465177
465178
465179
465180
465181
465182
465183
465184
465185
465186
465187
465188
465189
465190
465191
465192
465193
465194
465195
465196
465197
465198
465199
2017-02-23 12:11 Refreshing browser
465200
465201
465202
465203
465204
465205
465206
465207
465208
465209
465210
465211
465212
465213
465214
465215
465216
465217
465218
465219
465220
465221
465222
465223
465224
465225
465226
465227
465228
465229
465230
465231
465232
465233
465234
465235
465236
465237
465238
465239
465240
465241
465242
465243
465244
465245
465246
465247
465248
465249
2017-02-23 12:15 Refreshing browser
465250
465251
465252
465253
465254
465255
465256
465257
465258
465259
465260
465261
465262
465263
465264
465265
465266
465267
465268
465269
465270
465271
465272
465273
465274
465275
465276
465277
465278
465279
465280
465281
465282
465283
465284
465285
465286
465287
465288
465289
465290
465291
465292
465293
465294
465295
465296
465297
465298
465299
2017-02-23 12:19 Refreshing browser
465300
465301
465302
465303
465304
465305
465306
465307
465308
465309
465310
465311
465312
465313
465314
465315
465316
465317
465318
465319
465320
465321
465322
465323
465324
465325
465326
465327
465328
465329
465330
465331
465332
465333
465334
465335
465336
465337
465338
465339
465340
465341
465342
465343
465344
465345
465346
465347
465348
465349
2017-02-23 12:23 Refreshing browser
465350
465351
465352
465353
465354
465355
465356
465357
465358
465359
465360
465361
465362
465363
465364
465365
465366
465367
465368
465369
465370
465371
465372
465373
465374
465375
465376
465377
465378
465379
465380
465381
465382
465383
465384
465385
465386
465387
465388
465389
465390
465391
465392
465393
465394
465395
465396
465397
465398
465399
2017-02-23 12:27 Refreshing browser
465400
465401
465402
465403
465404
465405
465406
465407
465408
465409
465410
465411
465412
465413
465414
465415
465416
465417
465418
465419
465420
465421
465422
465423
465424
465425
465426
465427
465428
465429
465430
465431
465432
465433
465434
465435
465436
465437
465438
465439
465440
465441
465442
465443
465444
465445
465446
465447
465448
465449
2017-02-23 12:32 Refreshing browser
465450
465451
465452
465453
465454
465455
465456
465457
465458
465459
465460
465461
465462
465463
465464
465465
465466
465467
465468
465469
465470
465471
465472
465473
465474
465475
465476
465477
465478
465479
465480
465481
465482
465483
465484
465485
465486
465487
465488
465489
465490
465491
465492
465493
465494
465495
465496
465497
465498
465499
2017-02-23 12:36 Refreshing browser
465500
465501
465502
465503
465504
465505
465506
465507
465508
465509
465510
465511
465512
465513
465514
465515
465516
465517
465518
465519
465520
465521
465522
465523
465524
465525
465526
465527
465528
465529
465530
465531
465532
465533
465534
465535
465536
465537
465538
465539
465540
465541
465542
465543
465544
465545
465546
465547
465548
465549
2017-02-23 12:40 Refreshing browser
465550
465551
465552
465553
465554
465555
465556
465557
465558
465559
465560
465561
465562
465563
465564
465565
465566
465567
465568
465569
465570
465571
465572
465573
465574
465575
465576
465577
465578
465579
465580
465581
465582
465583
465584
465585
465586
465587
465588
465589
465590
465591
465592
465593
465594
465595
465596
465597
465598
465599
2017-02-23 12:44 Refreshing browser
465600
465601
465602
465603
465604
465605
465606
465607
465608
465609
465610
465611
465612
465613
465614
465615
465616
465617
465618
465619
465620
465621
465622
465623
465624
465625
465626
465627
465628
465629
465630
465631
465632
465633
465634
465635
465636
465637
465638
465639
465640
465641
465642
465643
465644
465645
465646
465647
465648
465649
2017-02-23 12:48 Refreshing browser
465650
465651
465652
465653
465654
465655
465656
465657
465658
465659
465660
465661
465662
465663
465664
465665
465666
465667
465668
465669
465670
465671
465672
465673
465674
465675
465676
465677
465678
465679
465680
465681
465682
465683
465684
465685
465686
465687
465688
465689
465690
465691
465692
465693
465694
465695
465696
465697
465698
465699
2017-02-23 12:52 Refreshing browser
465700
465701
465702
465703
465704
465705
465706
465707
465708
465709
465710
465711
465712
465713
465714
465715
465716
465717
465718
465719
465720
465721
465722
465723
465724
465725
465726
465727
465728
465729
465730
465731
465732
465733
465734
465735
465736
465737
465738
465739
465740
465741
465742
465743
465744
465745
465746
465747
465748
465749
2017-02-23 12:56 Refreshing browser
465750
465751
465752
465753
465754
465755
465756
465757
465758
465759
465760
465761
465762
465763
465764
465765
465766
465767
465768
465769
465770
465771
465772
465773
465774
465775
465776
465777
465778
465779
465780
465781
465782
465783
465784
465785
465786
465787
465788
465789
465790
465791
465792
465793
465794
465795
465796
465797
465798
465799
2017-02-23 13:00 Refreshing browser
465800
465801
465802
465803
465804
465805
465806
465807
465808
465809
465810
465811
465812
465813
465814
465815
465816
465817
465818
465819
465820
465821
465822
465823
465824
465825
465826
465827
465828
465829
465830
465831
465832
465833
465834
465835
465836
465837
465838
465839
465840
465841
465842
465843
465844
465845
465846
465847
465848
465849
2017-02-23 13:04 Refreshing browser
465850
465851
465852
465853
465854
465855
465856
465857
465858
465859
465860
465861
465862
465863
465864
465865
465866
465867
465868
465869
465870
465871
465872
465873
465874
465875
465876
465877
465878
465879
465880
465881
465882
465883
465884
465885
465886
465887
465888
465889
465890
465891
465892
465893
465894
465895
465896
465897
465898
465899
2017-02-23 13:08 Refreshing browser
465900
465901
465902
465903
465904
465905
465906
465907
465908
465909
465910
465911
465912
465913
465914
465915
465916
465917
465918
465919
465920
465921
465922
465923
465924
465925
465926
465927
465928
465929
465930
465931
465932
465933
465934
465935
465936
465937
465938
465939
465940
465941
465942
465943
465944
465945
465946
465947
465948
465949
2017-02-23 13:12 Refreshing browser
465950
465951
465952
465953
465954
465955
465956
465957
465958
465959
465960
465961
465962
465963
465964
465965
465966
465967
465968
465969
465970
465971
465972
465973
465974
465975
465976
465977
465978
465979
465980
465981
465982
465983
465984
465985
465986
465987
465988
465989
465990
465991
465992
465993
465994
465995
465996
465997
465998
465999
2017-02-23 13:16 Refreshing browser
466000
466001
466002
466003
466004
466005
466006
466007
466008
466009
466010
466011
466012
466013
466014
466015
466016
466017
466018
466019
466020
466021
466022
466023
466024
466025
466026
466027
466028
466029
466030
466031
466032
466033
466034
466035
466036
466037
466038
466039
466040
466041
466042
466043
466044
466045
466046
466047
466048
466049
2017-02-23 13:21 Refreshing browser
466050
466051
466052
466053
466054
466055
466056
466057
466058
466059
466060
466061
466062
466063
466064
466065
466066
466067
466068
466069
466070
466071
466072
466073
466074
466075
466076
466077
466078
466079
466080
466081
466082
466083
466084
466085
466086
466087
466088
466089
466090
466091
466092
466093
466094
466095
466096
466097
466098
466099
2017-02-23 13:25 Refreshing browser
466100
466101
466102
466103
466104
466105
466106
466107
466108
466109
466110
466111
466112
466113
466114
466115
466116
466117
466118
466119
466120
466121
466122
466123
466124
466125
466126
466127
466128
466129
466130
466131
466132
466133
466134
466135
466136
466137
466138
466139
466140
466141
466142
466143
466144
466145
466146
466147
466148
466149
2017-02-23 13:29 Refreshing browser
466150
466151
466152
466153
466154
466155
466156
466157
466158
466159
466160
466161
466162
466163
466164
466165
466166
466167
466168
466169
466170
466171
466172
466173
466174
466175
466176
466177
466178
466179
466180
466181
466182
466183
466184
466185
466186
466187
466188
466189
466190
466191
466192
466193
466194
466195
466196
466197
466198
466199
2017-02-23 13:33 Refreshing browser
466200
466201
466202
466203
466204
466205
466206
466207
466208
466209
466210
466211
466212
466213
466214
466215
466216
466217
466218
466219
466220
466221
466222
466223
466224
466225
466226
466227
466228
466229
466230
466231
466232
466233
466234
466235
466236
466237
466238
466239
466240
466241
466242
466243
466244
466245
466246
466247
466248
466249
2017-02-23 13:37 Refreshing browser
466250
466251
466252
466253
466254
466255
466256
466257
466258
466259
466260
466261
466262
466263
466264
466265
466266
466267
466268
466269
466270
466271
466272
466273
466274
466275
466276
466277
466278
466279
466280
466281
466282
466283
466284
466285
466286
466287
466288
466289
466290
466291
466292
466293
466294
466295
466296
466297
466298
466299
2017-02-23 13:41 Refreshing browser
466300
466301
466302
466303
466304
466305
466306
466307
466308
466309
466310
466311
466312
466313
466314
466315
466316
466317
466318
466319
466320
466321
466322
466323
466324
466325
466326
466327
466328
466329
466330
466331
466332
466333
466334
466335
466336
466337
466338
466339
466340
466341
466342
466343
466344
466345
466346
466347
466348
466349
2017-02-23 13:45 Refreshing browser
466350
466351
466352
466353
466354
466355
466356
466357
466358
466359
466360
466361
466362
466363
466364
466365
466366
466367
466368
466369
466370
466371
466372
466373
466374
466375
466376
466377
466378
466379
466380
466381
466382
466383
466384
466385
466386
466387
466388
466389
466390
466391
466392
466393
466394
466395
466396
466397
466398
466399
2017-02-23 13:49 Refreshing browser
466400
466401
466402
466403
466404
466405
466406
466407
466408
466409
466410
466411
466412
466413
466414
466415
466416
466417
466418
466419
466420
466421
466422
466423
466424
466425
466426
466427
466428
466429
466430
466431
466432
466433
466434
466435
466436
466437
466438
466439
466440
466441
466442
466443
466444
466445
466446
466447
466448
466449
2017-02-23 13:53 Refreshing browser
466450
466451
466452
466453
466454
466455
466456
466457
466458
466459
466460
466461
466462
466463
466464
466465
466466
466467
466468
466469
466470
466471
466472
466473
466474
466475
466476
466477
466478
466479
466480
466481
466482
466483
466484
466485
466486
466487
466488
466489
466490
466491
466492
466493
466494
466495
466496
466497
466498
466499
2017-02-23 13:57 Refreshing browser
466500
466501
466502
466503
466504
466505
466506
466507
466508
466509
466510
466511
466512
466513
466514
466515
466516
466517
466518
466519
466520
466521
466522
466523
466524
466525
466526
466527
466528
466529
466530
466531
466532
466533
466534
466535
466536
466537
466538
466539
466540
466541
466542
466543
466544
466545
466546
466547
466548
466549
2017-02-23 14:01 Refreshing browser
466550
466551
466552
466553
466554
466555
466556
466557
466558
466559
466560
466561
466562
466563
466564
466565
466566
466567
466568
466569
466570
466571
466572
466573
466574
466575
466576
466577
466578
466579
466580
466581
466582
466583
466584
466585
466586
466587
466588
466589
466590
466591
466592
466593
466594
466595
466596
466597
466598
466599
2017-02-23 14:05 Refreshing browser
