From 100001 to 200000
2017-02-12 17:15 Start
 Resuming work
2017-02-12 17:15 Refreshing browser
172450
172451
172452
172453
172454
172455
172456
172457
172458
172459
172460
172461
172462
172463
172464
172465
172466
172467
172468
172469
172470
172471
172472
172473
172474
172475
172476
172477
172478
172479
172480
172481
172482
172483
172484
172485
172486
172487
172488
172489
172490
172491
172492
172493
172494
172495
172496
172497
172498
172499
2017-02-12 17:19 Refreshing browser
172500
172501
172502
172503
172504
172505
172506
172507
172508
172509
172510
172511
172512
172513
172514
172515
172516
172517
172518
172519
172520
172521
172522
172523
172524
172525
172526
172527
172528
172529
172530
172531
172532
172533
172534
172535
172536
172537
172538
172539
172540
172541
172542
172543
172544
172545
172546
172547
172548
172549
2017-02-12 17:23 Refreshing browser
172550
172551
172552
172553
172554
172555
172556
172557
172558
172559
172560
172561
172562
172563
172564
172565
172566
172567
172568
172569
172570
172571
172572
172573
172574
172575
172576
172577
172578
172579
172580
172581
172582
172583
172584
172585
172586
172587
172588
172589
172590
172591
172592
172593
172594
172595
172596
172597
172598
172599
2017-02-12 17:27 Refreshing browser
172600
172601
172602
172603
172604
172605
172606
172607
172608
172609
172610
172611
172612
172613
172614
172615
172616
172617
172618
172619
172620
172621
172622
172623
172624
172625
172626
172627
172628
172629
172630
172631
172632
172633
172634
172635
172636
172637
172638
172639
172640
172641
172642
172643
172644
172645
172646
172647
172648
172649
2017-02-12 17:32 Refreshing browser
172650
172651
172652
172653
172654
172655
172656
172657
172658
172659
172660
172661
172662
172663
172664
172665
172666
172667
172668
172669
172670
172671
172672
172673
172674
172675
172676
172677
172678
172679
172680
172681
172682
172683
172684
172685
172686
172687
172688
172689
172690
172691
172692
172693
172694
172695
172696
172697
172698
172699
2017-02-12 17:36 Refreshing browser
172700
172701
172702
172703
172704
172705
172706
172707
172708
172709
172710
172711
172712
172713
172714
172715
172716
172717
172718
172719
172720
172721
172722
172723
172724
172725
172726
172727
172728
172729
172730
172731
172732
172733
172734
172735
172736
172737
172738
172739
172740
172741
172742
172743
172744
172745
172746
172747
172748
172749
2017-02-12 17:39 Refreshing browser
172750
172751
172752
172753
172754
172755
172756
172757
172758
172759
172760
172761
172762
172763
172764
172765
172766
172767
172768
172769
172770
172771
172772
172773
172774
172775
172776
172777
172778
172779
172780
172781
172782
172783
172784
172785
172786
172787
172788
172789
172790
172791
172792
172793
172794
172795
172796
172797
172798
172799
2017-02-12 17:43 Refreshing browser
172800
172801
172802
172803
172804
172805
172806
172807
172808
172809
172810
172811
172812
172813
172814
172815
172816
172817
172818
172819
172820
172821
172822
172823
172824
172825
172826
172827
172828
172829
172830
172831
172832
172833
172834
172835
172836
172837
172838
172839
172840
172841
172842
172843
172844
172845
172846
172847
172848
172849
2017-02-12 17:47 Refreshing browser
172850
172851
172852
172853
172854
172855
172856
172857
172858
172859
172860
172861
172862
172863
172864
172865
172866
172867
172868
172869
172870
172871
172872
172873
172874
172875
172876
172877
172878
172879
172880
172881
172882
172883
172884
172885
172886
172887
172888
172889
172890
172891
172892
172893
172894
172895
172896
172897
172898
172899
2017-02-12 17:52 Refreshing browser
172900
172901
172902
172903
172904
172905
172906
172907
172908
172909
172910
172911
172912
172913
172914
172915
172916
172917
172918
172919
172920
172921
172922
172923
172924
172925
172926
172927
172928
172929
172930
172931
172932
172933
172934
172935
172936
172937
172938
172939
172940
172941
172942
172943
172944
172945
172946
172947
172948
172949
2017-02-12 17:56 Refreshing browser
172950
172951
172952
172953
172954
172955
172956
172957
172958
172959
172960
172961
172962
172963
172964
172965
172966
172967
172968
172969
172970
172971
172972
172973
172974
172975
172976
172977
172978
172979
172980
172981
172982
172983
172984
172985
172986
172987
172988
172989
172990
172991
172992
172993
172994
172995
172996
172997
172998
172999
2017-02-12 18:00 Refreshing browser
173000
173001
173002
173003
173004
173005
173006
173007
173008
173009
173010
173011
173012
173013
173014
173015
173016
173017
173018
173019
173020
173021
173022
173023
173024
173025
173026
173027
173028
173029
173030
173031
173032
173033
173034
173035
173036
173037
173038
173039
173040
173041
173042
173043
173044
173045
173046
173047
173048
173049
2017-02-12 18:04 Refreshing browser
173050
173051
173052
173053
173054
173055
173056
173057
173058
173059
173060
173061
173062
173063
173064
173065
173066
173067
173068
173069
173070
173071
173072
173073
173074
173075
173076
173077
173078
173079
173080
173081
173082
173083
173084
173085
173086
173087
173088
173089
173090
173091
173092
173093
173094
173095
173096
173097
173098
173099
2017-02-12 18:08 Refreshing browser
173100
173101
173102
173103
173104
173105
173106
173107
173108
173109
173110
173111
173112
173113
173114
173115
173116
173117
173118
173119
173120
173121
173122
173123
173124
173125
173126
173127
173128
173129
173130
173131
173132
173133
173134
173135
173136
173137
173138
173139
173140
173141
173142
173143
173144
173145
173146
173147
173148
173149
2017-02-12 18:12 Refreshing browser
173150
173151
173152
173153
173154
173155
173156
173157
173158
173159
173160
173161
173162
173163
173164
173165
173166
173167
173168
173169
173170
173171
173172
173173
173174
173175
173176
173177
173178
173179
173180
173181
173182
173183
173184
173185
173186
173187
173188
173189
173190
173191
173192
173193
173194
173195
173196
173197
173198
173199
2017-02-12 18:16 Refreshing browser
173200
173201
173202
173203
173204
173205
173206
173207
173208
173209
173210
173211
173212
173213
173214
173215
173216
173217
173218
173219
173220
173221
173222
173223
173224
173225
173226
173227
173228
173229
173230
173231
173232
173233
173234
173235
173236
173237
173238
173239
173240
173241
173242
173243
173244
173245
173246
173247
173248
173249
2017-02-12 18:20 Refreshing browser
173250
173251
173252
173253
173254
173255
173256
173257
173258
173259
173260
173261
173262
173263
173264
173265
173266
173267
173268
173269
173270
173271
173272
173273
173274
173275
173276
173277
173278
173279
173280
173281
173282
173283
173284
173285
173286
173287
173288
173289
173290
173291
173292
173293
173294
173295
173296
173297
173298
173299
2017-02-12 18:24 Refreshing browser
173300
173301
173302
173303
173304
173305
173306
173307
173308
173309
173310
173311
173312
173313
173314
173315
173316
173317
173318
173319
173320
173321
173322
173323
173324
173325
173326
173327
173328
173329
173330
173331
173332
173333
173334
173335
173336
173337
173338
173339
173340
173341
173342
173343
173344
173345
173346
173347
173348
173349
2017-02-12 18:28 Refreshing browser
173350
173351
173352
173353
173354
173355
173356
173357
173358
173359
173360
173361
173362
173363
173364
173365
173366
173367
173368
173369
173370
173371
173372
173373
173374
173375
173376
173377
173378
173379
173380
173381
173382
173383
173384
173385
173386
173387
173388
173389
173390
173391
173392
173393
173394
173395
173396
173397
173398
173399
2017-02-12 18:32 Refreshing browser
173400
173401
173402
173403
173404
173405
173406
173407
173408
173409
173410
173411
173412
173413
173414
173415
173416
173417
173418
173419
173420
173421
173422
173423
173424
173425
173426
173427
173428
173429
173430
173431
173432
173433
173434
173435
173436
173437
173438
173439
173440
173441
173442
173443
173444
173445
173446
173447
173448
173449
2017-02-12 18:36 Refreshing browser
173450
173451
173452
173453
173454
173455
173456
173457
173458
173459
173460
173461
173462
173463
173464
173465
173466
173467
173468
173469
173470
173471
173472
173473
173474
173475
173476
173477
173478
173479
173480
173481
173482
173483
173484
173485
173486
173487
173488
173489
173490
173491
173492
173493
173494
173495
173496
173497
173498
173499
2017-02-12 18:40 Refreshing browser
173500
173501
173502
173503
173504
173505
173506
173507
173508
173509
173510
173511
173512
173513
173514
173515
173516
173517
173518
173519
173520
173521
173522
173523
173524
173525
173526
173527
173528
173529
173530
173531
173532
173533
173534
173535
173536
173537
173538
173539
173540
173541
173542
173543
173544
173545
173546
173547
173548
173549
2017-02-12 18:44 Refreshing browser
173550
173551
173552
173553
173554
173555
173556
173557
173558
173559
173560
173561
173562
173563
173564
173565
173566
173567
173568
173569
173570
173571
173572
173573
173574
173575
173576
173577
173578
173579
173580
173581
173582
173583
173584
173585
173586
173587
173588
173589
173590
173591
173592
173593
173594
173595
173596
173597
173598
173599
2017-02-12 18:49 Refreshing browser
173600
173601
173602
173603
173604
173605
173606
173607
173608
173609
173610
173611
173612
173613
173614
173615
173616
173617
173618
173619
173620
173621
173622
173623
173624
173625
173626
173627
173628
173629
173630
173631
173632
173633
173634
173635
173636
173637
173638
173639
173640
173641
173642
173643
173644
173645
173646
173647
173648
173649
2017-02-12 18:52 Refreshing browser
173650
173651
173652
173653
173654
173655
173656
173657
173658
173659
173660
173661
173662
173663
173664
173665
173666
173667
173668
173669
173670
173671
173672
173673
173674
173675
173676
173677
173678
173679
173680
173681
173682
173683
173684
173685
173686
173687
173688
173689
173690
173691
173692
173693
173694
173695
173696
173697
173698
173699
2017-02-12 18:57 Refreshing browser
173700
173701
173702
173703
173704
173705
173706
173707
173708
173709
173710
173711
173712
173713
173714
173715
173716
173717
173718
173719
173720
173721
173722
173723
173724
173725
173726
173727
173728
173729
173730
173731
173732
173733
173734
173735
173736
173737
173738
173739
173740
173741
173742
173743
173744
173745
173746
173747
173748
173749
2017-02-12 19:01 Refreshing browser
173750
173751
173752
173753
173754
173755
173756
173757
173758
173759
173760
173761
173762
173763
173764
173765
173766
173767
173768
173769
173770
173771
173772
173773
173774
173775
173776
173777
173778
173779
173780
173781
173782
173783
173784
173785
173786
173787
173788
173789
173790
173791
173792
173793
173794
173795
173796
173797
173798
173799
2017-02-12 19:05 Refreshing browser
173800
173801
173802
173803
173804
173805
173806
173807
173808
173809
173810
173811
173812
173813
173814
173815
173816
173817
173818
173819
173820
173821
173822
173823
173824
173825
173826
173827
173828
173829
173830
173831
173832
173833
173834
173835
173836
173837
173838
173839
173840
173841
173842
173843
173844
173845
173846
173847
173848
173849
2017-02-12 19:09 Refreshing browser
173850
173851
173852
173853
173854
173855
173856
173857
173858
173859
173860
173861
173862
173863
173864
173865
173866
173867
173868
173869
173870
173871
173872
173873
173874
173875
173876
173877
173878
173879
173880
173881
173882
173883
173884
173885
173886
173887
173888
173889
173890
173891
173892
173893
173894
173895
173896
173897
173898
173899
2017-02-12 19:13 Refreshing browser
173900
173901
173902
173903
173904
173905
173906
173907
173908
173909
173910
173911
173912
173913
173914
173915
173916
173917
173918
173919
173920
173921
173922
173923
173924
173925
173926
173927
173928
173929
173930
173931
173932
173933
173934
173935
173936
173937
173938
173939
173940
173941
173942
173943
173944
173945
173946
173947
173948
173949
2017-02-12 19:17 Refreshing browser
173950
173951
173952
173953
173954
173955
173956
173957
173958
173959
173960
173961
173962
173963
173964
173965
173966
173967
173968
173969
173970
173971
173972
173973
173974
173975
173976
173977
173978
173979
173980
173981
173982
173983
173984
173985
173986
173987
173988
173989
173990
173991
173992
173993
173994
173995
173996
173997
173998
173999
2017-02-12 19:21 Refreshing browser
174000
174001
174002
174003
174004
174005
174006
174007
174008
174009
174010
174011
174012
174013
174014
174015
174016
174017
174018
174019
174020
174021
174022
174023
174024
174025
174026
174027
174028
174029
174030
174031
174032
174033
174034
174035
174036
174037
174038
174039
174040
174041
174042
174043
174044
174045
174046
174047
174048
174049
2017-02-12 19:25 Refreshing browser
174050
174051
174052
174053
174054
174055
174056
174057
174058
174059
174060
174061
174062
174063
174064
174065
174066
174067
174068
174069
174070
174071
174072
174073
174074
174075
174076
174077
174078
174079
174080
174081
174082
174083
174084
174085
174086
174087
174088
174089
174090
174091
174092
174093
174094
174095
174096
174097
174098
174099
2017-02-12 19:29 Refreshing browser
174100
174101
174102
174103
174104
174105
174106
174107
174108
174109
174110
174111
174112
174113
174114
174115
174116
174117
174118
174119
174120
174121
174122
174123
174124
174125
174126
174127
174128
174129
174130
174131
174132
174133
174134
174135
174136
174137
174138
174139
174140
174141
174142
174143
174144
174145
174146
174147
174148
174149
2017-02-12 19:33 Refreshing browser
174150
174151
174152
174153
174154
174155
174156
174157
174158
174159
174160
174161
174162
174163
174164
174165
174166
174167
174168
174169
174170
174171
174172
174173
174174
174175
174176
174177
174178
174179
174180
174181
174182
174183
174184
174185
174186
174187
174188
174189
174190
174191
174192
174193
174194
174195
174196
174197
174198
174199
2017-02-12 19:37 Refreshing browser
174200
174201
174202
174203
174204
174205
174206
174207
174208
174209
174210
174211
174212
174213
174214
174215
174216
174217
174218
174219
174220
174221
174222
174223
174224
174225
174226
174227
174228
174229
174230
174231
174232
174233
174234
174235
174236
174237
174238
174239
174240
174241
174242
174243
174244
174245
174246
174247
174248
174249
2017-02-12 19:41 Refreshing browser
174250
174251
174252
174253
174254
174255
174256
174257
174258
174259
174260
174261
174262
174263
174264
174265
174266
174267
174268
174269
174270
174271
174272
174273
174274
174275
174276
174277
174278
174279
174280
174281
174282
174283
174284
174285
174286
174287
174288
174289
174290
174291
174292
174293
174294
174295
174296
174297
174298
174299
2017-02-12 19:45 Refreshing browser
174300
174301
174302
174303
174304
174305
174306
174307
174308
174309
174310
174311
174312
174313
174314
174315
174316
174317
174318
174319
174320
174321
174322
174323
174324
174325
174326
174327
174328
174329
174330
174331
174332
174333
174334
174335
174336
174337
174338
174339
174340
174341
174342
174343
174344
174345
174346
174347
174348
174349
2017-02-12 19:49 Refreshing browser
174350
174351
174352
174353
174354
174355
174356
174357
174358
174359
174360
174361
174362
174363
174364
174365
174366
174367
174368
174369
174370
174371
174372
174373
174374
174375
174376
174377
174378
174379
174380
174381
174382
174383
174384
174385
174386
174387
174388
174389
174390
174391
174392
174393
174394
174395
174396
174397
174398
174399
2017-02-12 19:54 Refreshing browser
174400
174401
174402
174403
174404
174405
174406
174407
174408
174409
174410
174411
174412
174413
174414
174415
174416
174417
174418
174419
174420
174421
174422
174423
174424
174425
174426
174427
174428
174429
174430
174431
174432
174433
174434
174435
174436
174437
174438
174439
174440
174441
174442
174443
174444
174445
174446
174447
174448
174449
2017-02-12 19:58 Refreshing browser
174450
174451
174452
174453
174454
174455
174456
174457
174458
174459
174460
174461
174462
174463
174464
174465
174466
174467
174468
174469
174470
174471
174472
174473
174474
174475
174476
174477
174478
174479
174480
174481
174482
174483
174484
174485
174486
174487
174488
174489
174490
174491
174492
174493
174494
174495
174496
174497
174498
174499
2017-02-12 20:02 Refreshing browser
174500
174501
174502
174503
174504
174505
174506
174507
174508
174509
174510
174511
174512
174513
174514
174515
174516
174517
174518
174519
174520
174521
174522
174523
174524
174525
174526
174527
174528
174529
174530
174531
174532
174533
174534
174535
174536
174537
174538
174539
174540
174541
174542
174543
174544
174545
174546
174547
174548
174549
2017-02-12 20:06 Refreshing browser
174550
174551
174552
174553
174554
174555
174556
174557
174558
174559
174560
174561
174562
174563
174564
174565
174566
174567
174568
174569
174570
174571
174572
174573
174574
174575
174576
174577
174578
174579
174580
174581
174582
174583
174584
174585
174586
174587
174588
174589
174590
174591
174592
174593
174594
174595
174596
174597
174598
174599
2017-02-12 20:10 Refreshing browser
174600
174601
174602
174603
174604
174605
174606
174607
174608
174609
174610
174611
174612
174613
174614
174615
174616
174617
174618
174619
174620
174621
174622
174623
174624
174625
174626
174627
174628
174629
174630
174631
174632
174633
174634
174635
174636
174637
174638
174639
174640
174641
174642
174643
174644
174645
174646
174647
174648
174649
2017-02-12 20:14 Refreshing browser
174650
174651
174652
174653
174654
174655
174656
174657
174658
174659
174660
174661
174662
174663
174664
174665
174666
174667
174668
174669
174670
174671
174672
174673
174674
174675
174676
174677
174678
174679
174680
174681
174682
174683
174684
174685
174686
174687
174688
174689
174690
174691
174692
174693
174694
174695
174696
174697
174698
174699
2017-02-12 20:18 Refreshing browser
174700
174701
174702
174703
174704
174705
174706
174707
174708
174709
174710
174711
174712
174713
174714
174715
174716
174717
174718
174719
174720
174721
174722
174723
174724
174725
174726
174727
174728
174729
174730
174731
174732
174733
174734
174735
174736
174737
174738
174739
174740
174741
174742
174743
174744
174745
174746
174747
174748
174749
2017-02-12 20:22 Refreshing browser
174750
174751
174752
174753
174754
174755
174756
174757
174758
174759
174760
174761
174762
174763
174764
174765
174766
174767
174768
174769
174770
174771
174772
174773
174774
174775
174776
174777
174778
174779
174780
174781
174782
174783
174784
174785
174786
174787
174788
174789
174790
174791
174792
174793
174794
174795
174796
174797
174798
174799
2017-02-12 20:26 Refreshing browser
174800
174801
174802
174803
174804
174805
174806
174807
174808
174809
174810
174811
174812
174813
174814
174815
174816
174817
174818
174819
174820
174821
174822
174823
174824
174825
174826
174827
174828
174829
174830
174831
174832
174833
174834
174835
174836
174837
174838
174839
174840
174841
174842
174843
174844
174845
174846
174847
174848
174849
2017-02-12 20:30 Refreshing browser
174850
174851
174852
174853
174854
174855
174856
174857
174858
174859
174860
174861
174862
174863
174864
174865
174866
174867
174868
174869
174870
174871
174872
174873
174874
174875
174876
174877
174878
174879
174880
174881
174882
174883
174884
174885
174886
174887
174888
174889
174890
174891
174892
174893
174894
174895
174896
174897
174898
174899
2017-02-12 20:34 Refreshing browser
174900
174901
174902
174903
174904
174905
174906
174907
174908
174909
174910
174911
174912
174913
174914
174915
174916
174917
174918
174919
174920
174921
174922
174923
174924
174925
174926
174927
174928
174929
174930
174931
174932
174933
174934
174935
174936
174937
174938
174939
174940
174941
174942
174943
174944
174945
174946
174947
174948
174949
2017-02-12 20:38 Refreshing browser
174950
174951
174952
174953
174954
174955
174956
174957
174958
174959
174960
174961
174962
174963
174964
174965
174966
174967
174968
174969
174970
174971
174972
174973
174974
174975
174976
174977
174978
174979
174980
174981
174982
174983
174984
174985
174986
174987
174988
174989
174990
174991
174992
174993
174994
174995
174996
174997
174998
174999
2017-02-12 20:42 Refreshing browser
175000
175001
175002
175003
175004
175005
175006
175007
175008
175009
175010
175011
175012
175013
175014
175015
175016
175017
175018
175019
175020
175021
175022
175023
175024
175025
175026
175027
175028
175029
175030
175031
175032
175033
175034
175035
175036
175037
175038
175039
175040
175041
175042
175043
175044
175045
175046
175047
175048
175049
2017-02-12 20:47 Refreshing browser
175050
175051
175052
175053
175054
175055
175056
175057
175058
175059
175060
175061
175062
175063
175064
175065
175066
175067
175068
175069
175070
175071
175072
175073
175074
175075
175076
175077
175078
175079
175080
175081
175082
175083
175084
175085
175086
175087
175088
175089
175090
175091
175092
175093
175094
175095
175096
175097
175098
175099
2017-02-12 20:51 Refreshing browser
175100
175101
175102
175103
175104
175105
175106
175107
175108
175109
175110
175111
175112
175113
175114
175115
175116
175117
175118
175119
175120
175121
175122
175123
175124
175125
175126
175127
175128
175129
175130
175131
175132
175133
175134
175135
175136
175137
175138
175139
175140
175141
175142
175143
175144
175145
175146
175147
175148
175149
2017-02-12 20:55 Refreshing browser
175150
175151
175152
175153
175154
175155
175156
175157
175158
175159
175160
175161
175162
175163
175164
175165
175166
175167
175168
175169
175170
175171
175172
175173
175174
175175
175176
175177
175178
175179
175180
175181
175182
175183
175184
175185
175186
175187
175188
175189
175190
175191
175192
175193
175194
175195
175196
175197
175198
175199
2017-02-12 20:59 Refreshing browser
175200
175201
175202
175203
175204
175205
175206
175207
175208
175209
175210
175211
175212
175213
175214
175215
175216
175217
175218
175219
175220
175221
175222
175223
175224
175225
175226
175227
175228
175229
175230
175231
175232
175233
175234
175235
175236
175237
175238
175239
175240
175241
175242
175243
175244
175245
175246
175247
175248
175249
2017-02-12 21:03 Refreshing browser
175250
175251
175252
175253
175254
175255
175256
175257
175258
175259
175260
175261
175262
175263
175264
175265
175266
175267
175268
175269
175270
175271
175272
175273
175274
175275
175276
175277
175278
175279
175280
175281
175282
175283
175284
175285
175286
175287
175288
175289
175290
175291
175292
175293
175294
175295
175296
175297
175298
175299
2017-02-12 21:07 Refreshing browser
175300
175301
175302
175303
175304
175305
175306
175307
175308
175309
175310
175311
175312
175313
175314
175315
175316
175317
175318
175319
175320
175321
175322
175323
175324
175325
175326
175327
175328
175329
175330
175331
175332
175333
175334
175335
175336
175337
175338
175339
175340
175341
175342
175343
175344
175345
175346
175347
175348
175349
2017-02-12 21:11 Refreshing browser
175350
175351
175352
175353
175354
175355
175356
175357
175358
175359
175360
175361
175362
175363
175364
175365
175366
175367
175368
175369
175370
175371
175372
175373
175374
175375
175376
175377
175378
175379
175380
175381
175382
175383
175384
175385
175386
175387
175388
175389
175390
175391
175392
175393
175394
175395
175396
175397
175398
175399
2017-02-12 21:15 Refreshing browser
175400
175401
175402
175403
175404
175405
175406
175407
175408
175409
175410
175411
175412
175413
175414
175415
175416
175417
175418
175419
175420
175421
175422
175423
175424
175425
175426
175427
175428
175429
175430
175431
175432
175433
175434
175435
175436
175437
175438
175439
175440
175441
175442
175443
175444
175445
175446
175447
175448
175449
2017-02-12 21:19 Refreshing browser
175450
175451
175452
175453
175454
175455
175456
175457
175458
175459
175460
175461
175462
175463
175464
175465
175466
175467
175468
175469
175470
175471
175472
175473
175474
175475
175476
175477
175478
175479
175480
175481
175482
175483
175484
175485
175486
175487
175488
175489
175490
175491
175492
175493
175494
175495
175496
175497
175498
175499
2017-02-12 21:24 Refreshing browser
175500
175501
175502
175503
175504
175505
175506
175507
175508
175509
175510
175511
175512
175513
175514
175515
175516
175517
175518
175519
175520
175521
175522
175523
175524
175525
175526
175527
175528
175529
175530
175531
175532
175533
175534
175535
175536
175537
175538
175539
175540
175541
175542
175543
175544
175545
175546
175547
175548
175549
2017-02-12 21:28 Refreshing browser
175550
175551
175552
175553
175554
175555
175556
175557
175558
175559
175560
175561
175562
175563
175564
175565
175566
175567
175568
175569
175570
175571
175572
175573
175574
175575
175576
175577
175578
175579
175580
175581
175582
175583
175584
175585
175586
175587
175588
175589
175590
175591
175592
175593
175594
175595
175596
175597
175598
175599
2017-02-12 21:32 Refreshing browser
175600
175601
175602
175603
175604
175605
175606
175607
175608
175609
175610
175611
175612
175613
175614
175615
175616
175617
175618
175619
175620
175621
175622
175623
175624
175625
175626
175627
175628
175629
175630
175631
175632
175633
175634
175635
175636
175637
175638
175639
175640
175641
175642
175643
175644
175645
175646
175647
175648
175649
2017-02-12 21:36 Refreshing browser
175650
175651
175652
175653
175654
175655
175656
175657
175658
175659
175660
175661
175662
175663
175664
175665
175666
175667
175668
175669
175670
175671
175672
175673
175674
175675
175676
175677
175678
175679
175680
175681
175682
175683
175684
175685
175686
175687
175688
175689
175690
175691
175692
175693
175694
175695
175696
175697
175698
175699
2017-02-12 21:40 Refreshing browser
175700
175701
175702
175703
175704
175705
175706
175707
175708
175709
175710
175711
175712
175713
175714
175715
175716
175717
175718
175719
175720
175721
175722
175723
175724
175725
175726
175727
175728
175729
175730
175731
175732
175733
175734
175735
175736
175737
175738
175739
175740
175741
175742
175743
175744
175745
175746
175747
175748
175749
2017-02-12 21:44 Refreshing browser
175750
175751
175752
175753
175754
175755
175756
175757
175758
175759
175760
175761
175762
175763
175764
175765
175766
175767
175768
175769
175770
175771
175772
175773
175774
175775
175776
175777
175778
175779
175780
175781
175782
175783
175784
175785
175786
175787
175788
175789
175790
175791
175792
175793
175794
175795
175796
175797
175798
175799
2017-02-12 21:48 Refreshing browser
175800
175801
175802
175803
175804
175805
175806
175807
175808
175809
175810
175811
175812
175813
175814
175815
175816
175817
175818
175819
175820
175821
175822
175823
175824
175825
175826
175827
175828
175829
175830
175831
175832
175833
175834
175835
175836
175837
175838
175839
175840
175841
175842
175843
175844
175845
175846
175847
175848
175849
2017-02-12 21:52 Refreshing browser
175850
175851
175852
175853
175854
175855
175856
175857
175858
175859
175860
175861
175862
175863
175864
175865
175866
175867
175868
175869
175870
175871
175872
175873
175874
175875
175876
175877
175878
175879
175880
175881
175882
175883
175884
175885
175886
175887
175888
175889
175890
175891
175892
175893
175894
175895
175896
175897
175898
175899
2017-02-12 21:56 Refreshing browser
175900
175901
175902
175903
175904
175905
175906
175907
175908
175909
175910
175911
175912
175913
175914
175915
175916
175917
175918
175919
175920
175921
175922
175923
175924
175925
175926
175927
175928
175929
175930
175931
175932
175933
175934
175935
175936
175937
175938
175939
175940
175941
175942
175943
175944
175945
175946
175947
175948
175949
2017-02-12 22:00 Refreshing browser
175950
175951
175952
175953
175954
175955
175956
175957
175958
175959
175960
175961
175962
175963
175964
175965
175966
175967
175968
175969
175970
175971
175972
175973
175974
175975
175976
175977
175978
175979
175980
175981
175982
175983
175984
175985
175986
175987
175988
175989
175990
175991
175992
175993
175994
175995
175996
175997
175998
175999
2017-02-12 22:04 Refreshing browser
176000
176001
176002
176003
176004
176005
176006
176007
176008
176009
176010
176011
176012
176013
176014
176015
176016
176017
176018
176019
176020
176021
176022
176023
176024
176025
176026
176027
176028
176029
176030
176031
176032
176033
176034
176035
176036
176037
176038
176039
176040
176041
176042
176043
176044
176045
176046
176047
176048
176049
2017-02-12 22:08 Refreshing browser
176050
176051
176052
176053
176054
176055
176056
176057
176058
176059
176060
176061
176062
176063
176064
176065
176066
176067
176068
176069
176070
176071
176072
176073
176074
176075
176076
176077
176078
176079
176080
176081
176082
176083
176084
176085
176086
176087
176088
176089
176090
176091
176092
176093
176094
176095
176096
176097
176098
176099
2017-02-12 22:12 Refreshing browser
176100
176101
176102
176103
176104
176105
176106
176107
176108
176109
176110
176111
176112
176113
176114
176115
176116
176117
176118
176119
176120
176121
176122
176123
176124
176125
176126
176127
176128
176129
176130
176131
176132
176133
176134
176135
176136
176137
176138
176139
176140
176141
176142
176143
176144
176145
176146
176147
176148
176149
2017-02-12 22:16 Refreshing browser
176150
176151
176152
176153
176154
176155
176156
176157
176158
176159
176160
176161
176162
176163
176164
176165
176166
176167
176168
176169
176170
176171
176172
176173
176174
176175
176176
176177
176178
176179
176180
176181
176182
176183
176184
176185
176186
176187
176188
176189
176190
176191
176192
176193
176194
176195
176196
176197
176198
176199
2017-02-12 22:20 Refreshing browser
176200
176201
176202
176203
176204
176205
176206
176207
176208
176209
176210
176211
176212
176213
176214
176215
176216
176217
176218
176219
176220
176221
176222
176223
176224
176225
176226
176227
176228
176229
176230
176231
176232
176233
176234
176235
176236
176237
176238
176239
176240
176241
176242
176243
176244
176245
176246
176247
176248
176249
2017-02-12 22:24 Refreshing browser
176250
176251
176252
176253
176254
176255
176256
176257
176258
176259
176260
176261
176262
176263
176264
176265
176266
176267
176268
176269
176270
176271
176272
176273
176274
176275
176276
176277
176278
176279
176280
176281
176282
176283
176284
176285
176286
176287
176288
176289
176290
176291
176292
176293
176294
176295
176296
176297
176298
176299
2017-02-12 22:28 Refreshing browser
176300
176301
176302
176303
176304
176305
176306
176307
176308
176309
176310
176311
176312
176313
176314
176315
176316
176317
176318
176319
176320
176321
176322
176323
176324
176325
176326
176327
176328
176329
176330
176331
176332
176333
176334
176335
176336
176337
176338
176339
176340
176341
176342
176343
176344
176345
176346
176347
176348
176349
2017-02-12 22:33 Refreshing browser
176350
176351
176352
176353
176354
176355
176356
176357
176358
176359
176360
176361
176362
176363
176364
176365
176366
176367
176368
176369
176370
176371
176372
176373
176374
176375
176376
176377
176378
176379
176380
176381
176382
176383
176384
176385
176386
176387
176388
176389
176390
176391
176392
176393
176394
176395
176396
176397
176398
176399
2017-02-12 22:37 Refreshing browser
176400
176401
176402
176403
176404
176405
176406
176407
176408
176409
176410
176411
176412
176413
176414
176415
176416
176417
176418
176419
176420
176421
176422
176423
176424
176425
176426
176427
176428
176429
176430
176431
176432
176433
176434
176435
176436
176437
176438
176439
176440
176441
176442
176443
176444
176445
176446
176447
176448
176449
2017-02-12 22:41 Refreshing browser
176450
176451
176452
176453
176454
176455
176456
176457
176458
176459
176460
176461
176462
176463
176464
176465
176466
176467
176468
176469
176470
176471
176472
176473
176474
176475
176476
176477
176478
176479
176480
176481
176482
176483
176484
176485
176486
176487
176488
176489
176490
176491
176492
176493
176494
176495
176496
176497
176498
176499
2017-02-12 22:45 Refreshing browser
176500
176501
176502
176503
176504
176505
176506
176507
176508
176509
176510
176511
176512
176513
176514
176515
176516
176517
176518
176519
176520
176521
176522
176523
176524
176525
176526
176527
176528
176529
176530
176531
176532
176533
176534
176535
176536
176537
176538
176539
176540
176541
176542
176543
176544
176545
176546
176547
176548
176549
2017-02-12 22:49 Refreshing browser
176550
176551
176552
176553
176554
176555
176556
176557
176558
176559
176560
176561
176562
176563
176564
176565
176566
176567
176568
176569
176570
176571
176572
176573
176574
176575
176576
176577
176578
176579
176580
176581
176582
176583
176584
176585
176586
176587
176588
176589
176590
176591
176592
176593
176594
176595
176596
176597
176598
176599
2017-02-12 22:53 Refreshing browser
176600
176601
176602
176603
176604
176605
176606
176607
176608
176609
176610
176611
176612
176613
176614
176615
176616
176617
176618
176619
176620
176621
176622
176623
176624
176625
176626
176627
176628
176629
176630
176631
176632
176633
176634
176635
176636
176637
176638
176639
176640
176641
176642
176643
176644
176645
176646
176647
176648
176649
2017-02-12 22:57 Refreshing browser
176650
176651
176652
176653
176654
176655
176656
176657
176658
176659
176660
176661
176662
176663
176664
176665
176666
176667
176668
176669
176670
176671
176672
176673
176674
176675
176676
176677
176678
176679
176680
176681
176682
176683
176684
176685
176686
176687
176688
176689
176690
176691
176692
176693
176694
176695
176696
176697
176698
176699
2017-02-12 23:01 Refreshing browser
176700
176701
176702
176703
176704
176705
176706
176707
176708
176709
176710
176711
176712
176713
176714
176715
176716
176717
176718
176719
176720
176721
176722
176723
176724
176725
176726
176727
176728
176729
176730
176731
176732
176733
176734
176735
176736
176737
176738
176739
176740
176741
176742
176743
176744
176745
176746
176747
176748
176749
2017-02-12 23:05 Refreshing browser
176750
176751
176752
176753
176754
176755
176756
176757
176758
176759
176760
176761
176762
176763
176764
176765
176766
176767
176768
176769
176770
176771
176772
176773
176774
176775
176776
176777
176778
176779
176780
176781
176782
176783
176784
176785
176786
176787
176788
176789
176790
176791
176792
176793
176794
176795
176796
176797
176798
176799
2017-02-12 23:09 Refreshing browser
176800
176801
176802
176803
176804
176805
176806
176807
176808
176809
176810
176811
176812
176813
176814
176815
176816
176817
176818
176819
176820
176821
176822
176823
176824
176825
176826
176827
176828
176829
176830
176831
176832
176833
176834
176835
176836
176837
176838
176839
176840
176841
176842
176843
176844
176845
176846
176847
176848
176849
2017-02-12 23:13 Refreshing browser
176850
176851
176852
176853
176854
176855
176856
176857
176858
176859
176860
176861
176862
176863
176864
176865
176866
176867
176868
176869
176870
176871
176872
176873
176874
176875
176876
176877
176878
176879
176880
176881
176882
176883
176884
176885
176886
176887
176888
176889
176890
176891
176892
176893
176894
176895
176896
176897
176898
176899
2017-02-12 23:17 Refreshing browser
176900
176901
176902
176903
176904
176905
176906
176907
176908
176909
176910
176911
176912
176913
176914
176915
176916
176917
176918
176919
176920
176921
176922
176923
176924
176925
176926
176927
176928
176929
176930
176931
176932
176933
176934
176935
176936
176937
176938
176939
176940
176941
176942
176943
176944
176945
176946
176947
176948
176949
2017-02-12 23:22 Refreshing browser
176950
176951
176952
176953
176954
176955
176956
176957
176958
176959
176960
176961
176962
176963
176964
176965
176966
176967
176968
176969
176970
176971
176972
176973
176974
176975
176976
176977
176978
176979
176980
176981
176982
176983
176984
176985
176986
176987
176988
176989
176990
176991
176992
176993
176994
176995
176996
176997
176998
176999
2017-02-12 23:26 Refreshing browser
177000
177001
177002
177003
177004
177005
177006
177007
177008
177009
177010
177011
177012
177013
177014
177015
177016
177017
177018
177019
177020
177021
177022
177023
177024
177025
177026
177027
177028
177029
177030
177031
177032
177033
177034
177035
177036
177037
177038
177039
177040
177041
177042
177043
177044
177045
177046
177047
177048
177049
2017-02-12 23:30 Refreshing browser
177050
177051
177052
177053
177054
177055
177056
177057
177058
177059
177060
177061
177062
177063
177064
177065
177066
177067
177068
177069
177070
177071
177072
177073
177074
177075
177076
177077
177078
177079
177080
177081
177082
177083
177084
177085
177086
177087
177088
177089
177090
177091
177092
177093
177094
177095
177096
177097
177098
177099
2017-02-12 23:34 Refreshing browser
177100
177101
177102
177103
177104
177105
177106
177107
177108
177109
177110
177111
177112
177113
177114
177115
177116
177117
177118
177119
177120
177121
177122
177123
177124
177125
177126
177127
177128
177129
177130
177131
177132
177133
177134
177135
177136
177137
177138
177139
177140
177141
177142
177143
177144
177145
177146
177147
177148
177149
2017-02-12 23:38 Refreshing browser
177150
177151
177152
177153
177154
177155
177156
177157
177158
177159
177160
177161
177162
177163
177164
177165
177166
177167
177168
177169
177170
177171
177172
177173
177174
177175
177176
177177
177178
177179
177180
177181
177182
177183
177184
177185
177186
177187
177188
177189
177190
177191
177192
177193
177194
177195
177196
177197
177198
177199
2017-02-12 23:42 Refreshing browser
177200
177201
177202
177203
177204
177205
177206
177207
177208
177209
177210
177211
177212
177213
177214
177215
177216
177217
177218
177219
177220
177221
177222
177223
177224
177225
177226
177227
177228
177229
177230
177231
177232
177233
177234
177235
177236
177237
177238
177239
177240
177241
177242
177243
177244
177245
177246
177247
177248
177249
2017-02-12 23:47 Refreshing browser
177250
177251
177252
177253
177254
177255
177256
177257
177258
177259
177260
177261
177262
177263
177264
177265
177266
177267
177268
177269
177270
177271
177272
177273
177274
177275
177276
177277
177278
177279
177280
177281
177282
177283
177284
177285
177286
177287
177288
177289
177290
177291
177292
177293
177294
177295
177296
177297
177298
177299
2017-02-12 23:51 Refreshing browser
177300
177301
177302
177303
177304
177305
177306
177307
177308
177309
177310
177311
177312
177313
177314
177315
177316
177317
177318
177319
177320
177321
177322
177323
177324
177325
177326
177327
177328
177329
177330
177331
177332
177333
177334
177335
177336
177337
177338
177339
177340
177341
177342
177343
177344
177345
177346
177347
177348
177349
2017-02-12 23:55 Refreshing browser
177350
177351
177352
177353
177354
177355
177356
177357
177358
177359
177360
177361
177362
177363
177364
177365
177366
177367
177368
177369
177370
177371
177372
177373
177374
177375
177376
177377
177378
177379
177380
177381
177382
177383
177384
177385
177386
177387
177388
177389
177390
177391
177392
177393
177394
177395
177396
177397
177398
177399
2017-02-12 23:59 Refreshing browser
177400
177401
177402
177403
177404
177405
177406
177407
177408
177409
177410
177411
177412
177413
177414
177415
177416
177417
177418
177419
177420
177421
177422
177423
177424
177425
177426
177427
177428
177429
177430
177431
177432
177433
177434
177435
177436
177437
177438
177439
177440
177441
177442
177443
177444
177445
177446
177447
177448
177449
2017-02-13 00:03 Refreshing browser
177450
177451
177452
177453
177454
177455
177456
177457
177458
177459
177460
177461
177462
177463
177464
177465
177466
177467
177468
177469
177470
177471
177472
177473
177474
177475
177476
177477
177478
177479
177480
177481
177482
177483
177484
177485
177486
177487
177488
177489
177490
177491
177492
177493
177494
177495
177496
177497
177498
177499
2017-02-13 00:07 Refreshing browser
177500
177501
177502
177503
177504
177505
177506
177507
177508
177509
177510
177511
177512
177513
177514
177515
177516
177517
177518
177519
177520
177521
177522
177523
177524
177525
177526
177527
177528
177529
177530
177531
177532
177533
177534
177535
177536
177537
177538
177539
177540
177541
177542
177543
177544
177545
177546
177547
177548
177549
2017-02-13 00:11 Refreshing browser
177550
177551
177552
177553
177554
177555
177556
177557
177558
177559
177560
177561
177562
177563
177564
177565
177566
177567
177568
177569
177570
177571
177572
177573
177574
177575
177576
177577
177578
177579
177580
177581
177582
177583
177584
177585
177586
177587
177588
177589
177590
177591
177592
177593
177594
177595
177596
177597
177598
177599
2017-02-13 00:16 Refreshing browser
177600
177601
177602
177603
177604
177605
177606
177607
177608
177609
177610
177611
177612
177613
177614
177615
177616
177617
177618
177619
177620
177621
177622
177623
177624
177625
177626
177627
177628
177629
177630
177631
177632
177633
177634
177635
177636
177637
177638
177639
177640
177641
177642
177643
177644
177645
177646
177647
177648
177649
2017-02-13 00:20 Refreshing browser
177650
177651
177652
177653
177654
177655
177656
177657
177658
177659
177660
177661
177662
177663
177664
177665
177666
177667
177668
177669
177670
177671
177672
177673
177674
177675
177676
177677
177678
177679
177680
177681
177682
177683
177684
177685
177686
177687
177688
177689
177690
177691
177692
177693
177694
177695
177696
177697
177698
177699
2017-02-13 00:24 Refreshing browser
177700
177701
177702
177703
177704
177705
177706
177707
177708
177709
177710
177711
177712
177713
177714
177715
177716
177717
177718
177719
177720
177721
177722
177723
177724
177725
177726
177727
177728
177729
177730
177731
177732
177733
177734
177735
177736
177737
177738
177739
177740
177741
177742
177743
177744
177745
177746
177747
177748
177749
2017-02-13 00:28 Refreshing browser
177750
177751
177752
177753
177754
177755
177756
177757
177758
177759
177760
177761
177762
177763
177764
177765
177766
177767
177768
177769
177770
177771
177772
177773
177774
177775
177776
177777
177778
177779
177780
177781
177782
177783
177784
177785
177786
177787
177788
177789
177790
177791
177792
177793
177794
177795
177796
177797
177798
177799
2017-02-13 00:32 Refreshing browser
177800
177801
177802
177803
177804
177805
177806
177807
177808
177809
177810
177811
177812
177813
177814
177815
177816
177817
177818
177819
177820
177821
177822
177823
177824
177825
177826
177827
177828
177829
177830
177831
177832
177833
177834
177835
177836
177837
177838
177839
177840
177841
177842
177843
177844
177845
177846
177847
177848
177849
2017-02-13 00:36 Refreshing browser
177850
177851
177852
177853
177854
177855
177856
177857
177858
177859
177860
177861
177862
177863
177864
177865
177866
177867
177868
177869
177870
177871
177872
177873
177874
177875
177876
177877
177878
177879
177880
177881
177882
177883
177884
177885
177886
177887
177888
177889
177890
177891
177892
177893
177894
177895
177896
177897
177898
177899
2017-02-13 00:40 Refreshing browser
177900
177901
177902
177903
177904
177905
177906
177907
177908
177909
177910
177911
177912
177913
177914
177915
177916
177917
177918
177919
177920
177921
177922
177923
177924
177925
177926
177927
177928
177929
177930
177931
177932
177933
177934
177935
177936
177937
177938
177939
177940
177941
177942
177943
177944
177945
177946
177947
177948
177949
2017-02-13 00:44 Refreshing browser
177950
177951
177952
177953
177954
177955
177956
177957
177958
177959
177960
177961
177962
177963
177964
177965
177966
177967
177968
177969
177970
177971
177972
177973
177974
177975
177976
177977
177978
177979
177980
177981
177982
177983
177984
177985
177986
177987
177988
177989
177990
177991
177992
177993
177994
177995
177996
177997
177998
177999
2017-02-13 00:48 Refreshing browser
178000
178001
178002
178003
178004
178005
178006
178007
178008
178009
178010
178011
178012
178013
178014
178015
178016
178017
178018
178019
178020
178021
178022
178023
178024
178025
178026
178027
178028
178029
178030
178031
178032
178033
178034
178035
178036
178037
178038
178039
178040
178041
178042
178043
178044
178045
178046
178047
178048
178049
2017-02-13 00:52 Refreshing browser
178050
178051
178052
178053
178054
178055
178056
178057
178058
178059
178060
178061
178062
178063
178064
178065
178066
178067
178068
178069
178070
178071
178072
178073
178074
178075
178076
178077
178078
178079
178080
178081
178082
178083
178084
178085
178086
178087
178088
178089
178090
178091
178092
178093
178094
178095
178096
178097
178098
178099
2017-02-13 00:56 Refreshing browser
178100
178101
178102
178103
178104
178105
178106
178107
178108
178109
178110
178111
178112
178113
178114
178115
178116
178117
178118
178119
178120
178121
178122
178123
178124
178125
178126
178127
178128
178129
178130
178131
178132
178133
178134
178135
178136
178137
178138
178139
178140
178141
178142
178143
178144
178145
178146
178147
178148
178149
2017-02-13 01:01 Refreshing browser
178150
178151
178152
178153
178154
178155
178156
178157
178158
178159
178160
178161
178162
178163
178164
178165
178166
178167
178168
178169
178170
178171
178172
178173
178174
178175
178176
178177
178178
178179
178180
178181
178182
178183
178184
178185
178186
178187
178188
178189
178190
178191
178192
178193
178194
178195
178196
178197
178198
178199
2017-02-13 01:05 Refreshing browser
178200
178201
178202
178203
178204
178205
178206
178207
178208
178209
178210
178211
178212
178213
178214
178215
178216
178217
178218
178219
178220
178221
178222
178223
178224
178225
178226
178227
178228
178229
178230
178231
178232
178233
178234
178235
178236
178237
178238
178239
178240
178241
178242
178243
178244
178245
178246
178247
178248
178249
2017-02-13 01:09 Refreshing browser
178250
178251
178252
178253
178254
178255
178256
178257
178258
178259
178260
178261
178262
178263
178264
178265
178266
178267
178268
178269
178270
178271
178272
178273
178274
178275
178276
178277
178278
178279
178280
178281
178282
178283
178284
178285
178286
178287
178288
178289
178290
178291
178292
178293
178294
178295
178296
178297
178298
178299
2017-02-13 01:13 Refreshing browser
178300
178301
178302
178303
178304
178305
178306
178307
178308
178309
178310
178311
178312
178313
178314
178315
178316
178317
178318
178319
178320
178321
178322
178323
178324
178325
178326
178327
178328
178329
178330
178331
178332
178333
178334
178335
178336
178337
178338
178339
178340
178341
178342
178343
178344
178345
178346
178347
178348
178349
2017-02-13 01:17 Refreshing browser
178350
178351
178352
178353
178354
178355
178356
178357
178358
178359
178360
178361
178362
178363
178364
178365
178366
178367
178368
178369
178370
178371
178372
178373
178374
178375
178376
178377
178378
178379
178380
178381
178382
178383
178384
178385
178386
178387
178388
178389
178390
178391
178392
178393
178394
178395
178396
178397
178398
178399
2017-02-13 01:21 Refreshing browser
178400
178401
178402
178403
178404
178405
178406
178407
178408
178409
178410
178411
178412
178413
178414
178415
178416
178417
178418
178419
178420
178421
178422
178423
178424
178425
178426
178427
178428
178429
178430
178431
178432
178433
178434
178435
178436
178437
178438
178439
178440
178441
178442
178443
178444
178445
178446
178447
178448
178449
2017-02-13 01:25 Refreshing browser
178450
178451
178452
178453
178454
178455
178456
178457
178458
178459
178460
178461
178462
178463
178464
178465
178466
178467
178468
178469
178470
178471
178472
178473
178474
178475
178476
178477
178478
178479
178480
178481
178482
178483
178484
178485
178486
178487
178488
178489
178490
178491
178492
178493
178494
178495
178496
178497
178498
178499
2017-02-13 01:30 Refreshing browser
178500
178501
178502
178503
178504
178505
178506
178507
178508
178509
178510
178511
178512
178513
178514
178515
178516
178517
178518
178519
178520
178521
178522
178523
178524
178525
178526
178527
178528
178529
178530
178531
178532
178533
178534
178535
178536
178537
178538
178539
178540
178541
178542
178543
178544
178545
178546
178547
178548
178549
2017-02-13 01:34 Refreshing browser
178550
178551
178552
178553
178554
178555
178556
178557
178558
178559
178560
178561
178562
178563
178564
178565
178566
178567
178568
178569
178570
178571
178572
178573
178574
178575
178576
178577
178578
178579
178580
178581
178582
178583
178584
178585
178586
178587
178588
178589
178590
178591
178592
178593
178594
178595
178596
178597
178598
178599
2017-02-13 01:38 Refreshing browser
178600
178601
178602
178603
178604
178605
178606
178607
178608
178609
178610
178611
178612
178613
178614
178615
178616
178617
178618
178619
178620
178621
178622
178623
178624
178625
178626
178627
178628
178629
178630
178631
178632
178633
178634
178635
178636
178637
178638
178639
178640
178641
178642
178643
178644
178645
178646
178647
178648
178649
2017-02-13 01:43 Refreshing browser
178650
178651
178652
178653
178654
178655
178656
178657
178658
178659
178660
178661
178662
178663
178664
178665
178666
178667
178668
178669
178670
178671
178672
178673
178674
178675
178676
178677
178678
178679
178680
178681
178682
178683
178684
178685
178686
178687
178688
178689
178690
178691
178692
178693
178694
178695
178696
178697
178698
178699
2017-02-13 01:47 Refreshing browser
178700
178701
178702
178703
178704
178705
178706
178707
178708
178709
178710
178711
178712
178713
178714
178715
178716
178717
178718
178719
178720
178721
178722
178723
178724
178725
178726
178727
178728
178729
178730
178731
178732
178733
178734
178735
178736
178737
178738
178739
178740
178741
178742
178743
178744
178745
178746
178747
178748
178749
2017-02-13 01:51 Refreshing browser
178750
178751
178752
178753
178754
178755
178756
178757
178758
178759
178760
178761
178762
178763
178764
178765
178766
178767
178768
178769
178770
178771
178772
178773
178774
178775
178776
178777
178778
178779
178780
178781
178782
178783
178784
178785
178786
178787
178788
178789
178790
178791
178792
178793
178794
178795
178796
178797
178798
178799
2017-02-13 01:55 Refreshing browser
178800
178801
178802
178803
178804
178805
178806
178807
178808
178809
178810
178811
178812
178813
178814
178815
178816
178817
178818
178819
178820
178821
178822
178823
178824
178825
178826
178827
178828
178829
178830
178831
178832
178833
178834
178835
178836
178837
178838
178839
178840
178841
178842
178843
178844
178845
178846
178847
178848
178849
2017-02-13 01:59 Refreshing browser
178850
178851
178852
178853
178854
178855
178856
178857
178858
178859
178860
178861
178862
178863
178864
178865
178866
178867
178868
178869
178870
178871
178872
178873
178874
178875
178876
178877
178878
178879
178880
178881
178882
178883
178884
178885
178886
178887
178888
178889
178890
178891
178892
178893
178894
178895
178896
178897
178898
178899
2017-02-13 02:04 Refreshing browser
178900
178901
178902
178903
178904
178905
178906
178907
178908
178909
178910
178911
178912
178913
178914
178915
178916
178917
178918
178919
178920
178921
178922
178923
178924
178925
178926
178927
178928
178929
178930
178931
178932
178933
178934
178935
178936
178937
178938
178939
178940
178941
178942
178943
178944
178945
178946
178947
178948
178949
2017-02-13 02:08 Refreshing browser
178950
178951
178952
178953
178954
178955
178956
178957
178958
178959
178960
178961
178962
178963
178964
178965
178966
178967
178968
178969
178970
178971
178972
178973
178974
178975
178976
178977
178978
178979
178980
178981
178982
178983
178984
178985
178986
178987
178988
178989
178990
178991
178992
178993
178994
178995
178996
178997
178998
178999
2017-02-13 02:12 Refreshing browser
179000
179001
179002
179003
179004
179005
179006
179007
179008
179009
179010
179011
179012
179013
179014
179015
179016
179017
179018
179019
179020
179021
179022
179023
179024
179025
179026
179027
179028
179029
179030
179031
179032
179033
179034
179035
179036
179037
179038
179039
179040
179041
179042
179043
179044
179045
179046
179047
179048
179049
2017-02-13 02:16 Refreshing browser
179050
179051
179052
179053
179054
179055
179056
179057
179058
179059
179060
179061
179062
179063
179064
179065
179066
179067
179068
179069
179070
179071
179072
179073
179074
179075
179076
179077
179078
179079
179080
179081
179082
179083
179084
179085
179086
179087
179088
179089
179090
179091
179092
179093
179094
179095
179096
179097
179098
179099
2017-02-13 02:20 Refreshing browser
179100
179101
179102
179103
179104
179105
179106
179107
179108
179109
179110
179111
179112
179113
179114
179115
179116
179117
179118
179119
179120
179121
179122
179123
179124
179125
179126
179127
179128
179129
179130
179131
179132
179133
179134
179135
179136
179137
179138
179139
179140
179141
179142
179143
179144
179145
179146
179147
179148
179149
2017-02-13 02:25 Refreshing browser
179150
179151
179152
179153
179154
179155
