From 500001 to 592610
2017-02-27 07:37 Start
 Resuming work
2017-02-27 07:37 Refreshing browser
514800
514801
514802
514803
514804
514805
514806
514807
514808
514809
514810
514811
514812
514813
514814
514815
514816
514817
514818
514819
514820
514821
514822
514823
514824
514825
514826
514827
514828
514829
514830
514831
514832
514833
514834
514835
514836
514837
514838
514839
514840
514841
514842
514843
514844
514845
514846
514847
514848
514849
2017-02-27 07:41 Refreshing browser
514850
514851
514852
514853
514854
514855
514856
514857
514858
514859
514860
514861
514862
514863
514864
514865
514866
514867
514868
514869
514870
514871
514872
514873
514874
514875
514876
514877
514878
514879
514880
514881
514882
514883
514884
514885
514886
514887
514888
514889
514890
514891
514892
514893
514894
514895
514896
514897
514898
514899
2017-02-27 07:45 Refreshing browser
514900
514901
514902
514903
514904
514905
514906
514907
514908
514909
514910
514911
514912
514913
514914
514915
514916
514917
514918
514919
514920
514921
514922
514923
514924
514925
514926
514927
514928
514929
514930
514931
514932
514933
514934
514935
514936
514937
514938
514939
514940
514941
514942
514943
514944
514945
514946
514947
514948
514949
2017-02-27 07:50 Refreshing browser
514950
514951
514952
514953
514954
514955
514956
514957
514958
514959
514960
514961
514962
514963
514964
514965
514966
514967
514968
514969
514970
514971
514972
514973
514974
514975
514976
514977
514978
514979
514980
514981
514982
514983
514984
514985
514986
514987
514988
514989
514990
514991
514992
514993
514994
514995
514996
514997
514998
514999
2017-02-27 07:54 Refreshing browser
515000
515001
515002
515003
515004
515005
515006
515007
515008
515009
515010
515011
515012
515013
515014
515015
515016
515017
515018
515019
515020
515021
515022
515023
515024
515025
515026
515027
515028
515029
515030
515031
515032
515033
515034
515035
515036
515037
515038
515039
515040
515041
515042
515043
515044
515045
515046
515047
515048
515049
2017-02-27 07:58 Refreshing browser
515050
515051
515052
515053
515054
515055
515056
515057
515058
515059
515060
515061
515062
515063
515064
515065
515066
515067
515068
515069
515070
515071
515072
515073
515074
515075
515076
515077
515078
515079
515080
515081
515082
515083
515084
515085
515086
515087
515088
515089
515090
515091
515092
515093
515094
515095
515096
515097
515098
515099
2017-02-27 08:02 Refreshing browser
515100
515101
515102
515103
515104
515105
515106
515107
515108
515109
515110
515111
515112
515113
515114
515115
515116
515117
515118
515119
515120
515121
515122
515123
515124
515125
515126
515127
515128
515129
515130
515131
515132
515133
515134
515135
515136
515137
515138
515139
515140
515141
515142
515143
515144
515145
515146
515147
515148
515149
2017-02-27 08:06 Refreshing browser
515150
515151
515152
515153
515154
515155
515156
515157
515158
515159
515160
515161
515162
515163
515164
515165
515166
515167
515168
515169
515170
515171
515172
515173
515174
515175
515176
515177
515178
515179
515180
515181
515182
515183
515184
515185
515186
515187
515188
515189
515190
515191
515192
515193
515194
515195
515196
515197
515198
515199
2017-02-27 08:10 Refreshing browser
515200
515201
515202
515203
515204
515205
515206
515207
515208
515209
515210
515211
515212
515213
515214
515215
515216
515217
515218
515219
515220
515221
515222
515223
515224
515225
515226
515227
515228
515229
515230
515231
515232
515233
515234
515235
515236
515237
515238
515239
515240
515241
515242
515243
515244
515245
515246
515247
515248
515249
2017-02-27 08:14 Refreshing browser
515250
515251
515252
515253
515254
515255
515256
515257
515258
515259
515260
515261
515262
515263
515264
