From 500001 to 592610
2017-02-28 17:49 Start
 Resuming work
2017-02-28 17:49 Refreshing browser
534700
534701
534702
534703
534704
534705
534706
534707
534708
534709
534710
534711
534712
534713
534714
534715
534716
534717
534718
534719
534720
534721
534722
534723
534724
534725
534726
534727
534728
534729
534730
534731
534732
534733
534734
534735
534736
534737
534738
534739
534740
534741
534742
534743
534744
534745
534746
534747
534748
534749
2017-02-28 17:53 Refreshing browser
534750
534751
534752
534753
534754
534755
534756
534757
534758
534759
534760
534761
534762
534763
534764
534765
534766
534767
534768
534769
534770
534771
534772
534773
534774
534775
534776
534777
534778
534779
534780
534781
534782
534783
534784
534785
534786
534787
534788
534789
534790
534791
534792
534793
534794
534795
534796
534797
534798
534799
2017-02-28 17:57 Refreshing browser
534800
534801
534802
534803
534804
534805
534806
534807
534808
534809
534810
534811
534812
534813
534814
534815
534816
534817
534818
534819
534820
534821
534822
534823
534824
534825
534826
534827
534828
534829
534830
534831
534832
534833
534834
534835
534836
534837
534838
534839
534840
534841
534842
534843
534844
534845
534846
534847
534848
534849
2017-02-28 18:01 Refreshing browser
534850
534851
534852
534853
534854
534855
534856
534857
534858
534859
534860
534861
534862
534863
534864
534865
534866
534867
534868
534869
534870
534871
534872
534873
534874
534875
534876
534877
534878
534879
534880
534881
534882
534883
534884
534885
534886
534887
534888
534889
534890
534891
534892
534893
534894
534895
534896
534897
534898
534899
2017-02-28 18:05 Refreshing browser
534900
534901
534902
534903
534904
534905
534906
534907
534908
534909
534910
534911
534912
534913
534914
534915
534916
534917
534918
534919
534920
534921
534922
534923
534924
534925
534926
534927
534928
534929
534930
534931
534932
534933
534934
534935
534936
534937
534938
534939
534940
534941
534942
534943
534944
534945
534946
534947
534948
534949
2017-02-28 18:09 Refreshing browser
534950
534951
534952
534953
534954
534955
534956
534957
534958
534959
534960
534961
534962
534963
534964
534965
534966
534967
534968
534969
534970
534971
534972
534973
534974
534975
534976
534977
534978
534979
534980
534981
534982
534983
534984
534985
534986
534987
534988
534989
534990
534991
534992
534993
534994
534995
534996
534997
534998
534999
2017-02-28 18:13 Refreshing browser
535000
535001
535002
535003
535004
535005
535006
535007
535008
535009
535010
535011
535012
535013
535014
535015
535016
535017
535018
535019
535020
535021
535022
535023
535024
535025
535026
535027
535028
535029
535030
535031
535032
535033
535034
535035
535036
535037
535038
535039
535040
535041
535042
535043
535044
535045
535046
535047
535048
535049
2017-02-28 18:17 Refreshing browser
535050
535051
535052
535053
535054
535055
535056
535057
535058
535059
535060
535061
535062
535063
535064
535065
535066
535067
535068
535069
535070
535071
535072
535073
535074
535075
535076
535077
535078
535079
535080
535081
535082
535083
535084
535085
535086
535087
535088
535089
535090
535091
535092
535093
535094
535095
535096
535097
535098
535099
2017-02-28 18:21 Refreshing browser
535100
535101
535102
535103
535104
535105
535106
535107
535108
535109
535110
535111
535112
535113
535114
535115
535116
535117
535118
535119
535120
535121
535122
535123
535124
535125
535126
535127
535128
535129
535130
535131
535132
535133
535134
535135
535136
535137
535138
535139
535140
535141
535142
535143
535144
535145
535146
535147
535148
535149
2017-02-28 18:25 Refreshing browser
535150
535151
535152
535153
535154
535155
535156
535157
535158
535159
535160
535161
535162
535163
535164
535165
535166
535167
535168
535169
535170
535171
535172
535173
535174
535175
535176
535177
535178
535179
535180
535181
535182
535183
535184
535185
535186
535187
535188
535189
535190
535191
535192
535193
535194
535195
535196
535197
535198
535199
2017-02-28 18:29 Refreshing browser
535200
535201
535202
535203
535204
535205
535206
535207
535208
535209
535210
535211
535212
535213
535214
535215
535216
535217
535218
535219
535220
535221
535222
535223
535224
535225
535226
535227
535228
535229
535230
535231
535232
535233
535234
535235
535236
535237
535238
535239
535240
535241
535242
535243
535244
535245
535246
535247
535248
535249
2017-02-28 18:33 Refreshing browser
535250
535251
535252
535253
535254
535255
535256
535257
535258
535259
535260
535261
535262
535263
535264
535265
535266
535267
535268
535269
535270
535271
535272
535273
535274
535275
535276
535277
535278
535279
535280
535281
535282
535283
535284
535285
535286
535287
535288
535289
535290
535291
535292
535293
535294
535295
535296
535297
535298
535299
2017-02-28 18:37 Refreshing browser
535300
535301
535302
535303
535304
535305
535306
535307
535308
535309
535310
535311
535312
535313
535314
535315
535316
535317
535318
535319
535320
535321
535322
535323
535324
535325
535326
535327
535328
535329
535330
535331
535332
535333
535334
535335
535336
535337
535338
535339
535340
535341
535342
535343
535344
535345
535346
535347
535348
535349
2017-02-28 18:41 Refreshing browser
535350
535351
535352
535353
535354
535355
535356
535357
535358
535359
535360
535361
535362
535363
535364
535365
535366
535367
535368
535369
535370
535371
535372
535373
535374
535375
535376
535377
535378
535379
535380
535381
535382
535383
535384
535385
535386
535387
535388
535389
535390
535391
535392
535393
535394
535395
535396
535397
535398
535399
2017-02-28 18:45 Refreshing browser
535400
535401
535402
535403
535404
535405
535406
535407
535408
535409
535410
535411
535412
535413
535414
535415
535416
535417
535418
535419
535420
535421
535422
535423
535424
535425
535426
535427
535428
535429
535430
535431
535432
535433
535434
535435
535436
535437
535438
535439
535440
535441
535442
535443
535444
535445
535446
535447
535448
535449
2017-02-28 18:49 Refreshing browser
535450
535451
535452
535453
535454
535455
535456
535457
535458
535459
535460
535461
535462
535463
535464
535465
535466
535467
535468
535469
535470
535471
535472
535473
535474
535475
535476
535477
535478
535479
535480
535481
535482
535483
535484
535485
535486
535487
535488
535489
535490
535491
535492
535493
535494
535495
535496
535497
535498
535499
2017-02-28 18:53 Refreshing browser
535500
535501
535502
535503
535504
535505
535506
535507
535508
535509
535510
535511
535512
535513
535514
535515
535516
535517
535518
535519
535520
535521
535522
535523
535524
535525
535526
535527
535528
535529
535530
535531
535532
535533
535534
535535
535536
535537
535538
535539
535540
535541
535542
535543
535544
535545
535546
535547
535548
535549
2017-02-28 18:57 Refreshing browser
535550
535551
535552
535553
535554
535555
535556
535557
535558
535559
535560
535561
535562
535563
535564
535565
535566
535567
535568
535569
535570
535571
535572
535573
535574
535575
535576
535577
535578
535579
535580
535581
535582
535583
535584
535585
535586
535587
535588
535589
535590
535591
535592
535593
535594
535595
535596
535597
535598
535599
2017-02-28 19:01 Refreshing browser
535600
535601
535602
535603
535604
535605
535606
535607
535608
535609
535610
535611
535612
535613
535614
535615
535616
535617
535618
535619
535620
535621
535622
535623
535624
535625
535626
535627
535628
535629
535630
535631
535632
535633
535634
535635
535636
535637
535638
535639
535640
535641
535642
535643
535644
535645
535646
535647
535648
535649
2017-02-28 19:05 Refreshing browser
535650
535651
535652
535653
535654
535655
535656
535657
535658
535659
535660
535661
535662
535663
535664
535665
535666
535667
535668
535669
535670
535671
535672
535673
535674
535675
535676
535677
535678
535679
535680
535681
535682
535683
535684
535685
535686
535687
535688
535689
535690
535691
535692
535693
535694
535695
535696
535697
535698
535699
2017-02-28 19:09 Refreshing browser
535700
535701
535702
535703
535704
535705
535706
535707
535708
535709
535710
535711
535712
535713
535714
535715
535716
535717
535718
535719
535720
535721
535722
535723
535724
535725
535726
535727
535728
535729
535730
535731
535732
535733
535734
535735
535736
535737
535738
535739
535740
535741
535742
535743
535744
535745
535746
535747
535748
535749
2017-02-28 19:13 Refreshing browser
535750
535751
535752
535753
535754
535755
535756
535757
535758
535759
535760
535761
535762
535763
535764
535765
535766
535767
535768
535769
535770
535771
535772
535773
535774
535775
535776
535777
535778
535779
535780
535781
535782
535783
535784
535785
535786
535787
535788
535789
535790
535791
535792
535793
535794
535795
535796
535797
535798
535799
2017-02-28 19:17 Refreshing browser
535800
535801
535802
535803
535804
535805
535806
535807
535808
535809
535810
535811
535812
535813
535814
535815
535816
535817
535818
535819
535820
535821
535822
535823
535824
535825
535826
535827
535828
535829
535830
535831
535832
535833
535834
535835
535836
535837
535838
535839
535840
535841
535842
535843
535844
535845
535846
535847
535848
535849
2017-02-28 19:21 Refreshing browser
535850
535851
535852
535853
535854
535855
535856
535857
535858
535859
535860
535861
535862
535863
535864
535865
535866
535867
535868
535869
535870
535871
535872
535873
535874
535875
535876
535877
535878
535879
535880
535881
535882
535883
535884
535885
535886
535887
535888
535889
535890
535891
535892
535893
535894
535895
535896
535897
535898
535899
2017-02-28 19:25 Refreshing browser
535900
535901
535902
535903
535904
535905
535906
535907
535908
535909
535910
535911
535912
535913
535914
535915
535916
535917
535918
535919
535920
535921
535922
535923
535924
535925
535926
535927
535928
535929
535930
535931
535932
535933
535934
535935
535936
535937
535938
535939
535940
535941
535942
535943
535944
535945
535946
535947
535948
535949
2017-02-28 19:29 Refreshing browser
535950
535951
535952
535953
535954
535955
535956
535957
535958
535959
535960
535961
535962
535963
535964
535965
535966
535967
535968
535969
535970
535971
535972
535973
535974
535975
535976
535977
535978
535979
535980
535981
535982
535983
535984
535985
535986
535987
535988
535989
535990
535991
535992
535993
535994
535995
535996
535997
535998
535999
2017-02-28 19:33 Refreshing browser
536000
536001
536002
536003
536004
536005
536006
536007
536008
536009
536010
536011
536012
536013
536014
536015
536016
536017
536018
536019
536020
536021
536022
536023
536024
536025
536026
536027
536028
536029
536030
536031
536032
536033
536034
536035
536036
536037
536038
536039
536040
536041
536042
536043
536044
536045
536046
536047
536048
536049
2017-02-28 19:37 Refreshing browser
536050
536051
536052
536053
536054
536055
536056
536057
536058
536059
536060
536061
536062
536063
536064
536065
536066
536067
536068
536069
536070
536071
536072
536073
536074
536075
536076
536077
536078
536079
536080
536081
536082
536083
536084
536085
536086
536087
536088
536089
536090
536091
536092
536093
536094
536095
536096
536097
536098
536099
2017-02-28 19:41 Refreshing browser
536100
536101
536102
536103
536104
536105
536106
536107
536108
536109
536110
536111
536112
536113
536114
536115
536116
536117
536118
536119
536120
536121
536122
536123
536124
536125
536126
536127
536128
536129
536130
536131
536132
536133
536134
536135
536136
536137
536138
536139
536140
536141
536142
536143
536144
536145
536146
536147
536148
536149
2017-02-28 19:45 Refreshing browser
536150
536151
536152
536153
536154
536155
536156
536157
536158
536159
536160
536161
536162
536163
536164
536165
536166
536167
536168
536169
536170
536171
536172
536173
536174
536175
536176
536177
536178
536179
536180
536181
536182
536183
536184
536185
536186
536187
536188
536189
536190
536191
536192
536193
536194
536195
536196
536197
536198
536199
2017-02-28 19:49 Refreshing browser
536200
536201
536202
536203
536204
536205
536206
536207
536208
536209
536210
536211
536212
536213
536214
536215
536216
536217
536218
536219
536220
536221
536222
536223
536224
536225
536226
536227
536228
536229
536230
536231
536232
536233
536234
536235
536236
536237
536238
536239
536240
536241
536242
536243
536244
536245
536246
536247
536248
536249
2017-02-28 19:53 Refreshing browser
536250
536251
536252
536253
536254
536255
536256
536257
536258
536259
536260
536261
536262
536263
536264
536265
536266
536267
536268
536269
536270
536271
536272
536273
536274
536275
536276
536277
536278
536279
536280
536281
536282
536283
536284
536285
536286
536287
536288
536289
536290
536291
536292
536293
536294
536295
536296
536297
536298
536299
2017-02-28 19:57 Refreshing browser
536300
536301
536302
536303
536304
536305
536306
536307
536308
536309
536310
536311
536312
536313
536314
536315
536316
536317
536318
536319
536320
536321
536322
536323
536324
536325
536326
536327
536328
536329
536330
536331
536332
536333
536334
536335
536336
536337
536338
536339
536340
536341
536342
536343
536344
536345
536346
536347
536348
536349
2017-02-28 20:01 Refreshing browser
536350
536351
536352
536353
536354
536355
536356
536357
536358
536359
536360
536361
536362
536363
536364
536365
536366
536367
536368
536369
536370
536371
536372
536373
536374
536375
536376
536377
536378
536379
536380
536381
536382
536383
536384
536385
536386
536387
536388
536389
536390
536391
536392
536393
536394
536395
536396
536397
536398
536399
2017-02-28 20:05 Refreshing browser
536400
536401
536402
536403
536404
536405
536406
536407
536408
536409
536410
536411
536412
536413
536414
536415
536416
536417
536418
536419
536420
536421
536422
536423
536424
536425
536426
536427
536428
536429
536430
536431
536432
536433
536434
536435
536436
536437
536438
536439
536440
536441
536442
536443
536444
536445
536446
536447
536448
536449
2017-02-28 20:09 Refreshing browser
536450
536451
536452
536453
536454
536455
536456
536457
536458
536459
536460
536461
536462
536463
536464
536465
536466
536467
536468
536469
536470
536471
536472
536473
536474
536475
536476
536477
536478
536479
536480
536481
536482
536483
536484
536485
536486
536487
536488
536489
536490
536491
536492
536493
536494
536495
536496
536497
536498
536499
2017-02-28 20:13 Refreshing browser
536500
536501
536502
536503
536504
536505
536506
536507
536508
536509
536510
536511
536512
536513
536514
536515
536516
536517
536518
536519
536520
536521
536522
536523
536524
536525
536526
536527
536528
536529
536530
536531
536532
536533
536534
536535
536536
536537
536538
536539
536540
536541
536542
536543
536544
536545
536546
536547
536548
536549
2017-02-28 20:17 Refreshing browser
536550
536551
536552
536553
536554
536555
536556
536557
536558
536559
536560
536561
536562
536563
536564
536565
536566
536567
536568
536569
536570
536571
536572
536573
536574
536575
536576
536577
536578
536579
536580
536581
536582
536583
536584
536585
536586
536587
536588
536589
536590
536591
536592
536593
536594
536595
536596
536597
536598
536599
2017-02-28 20:21 Refreshing browser
536600
536601
536602
536603
536604
536605
536606
536607
536608
536609
536610
536611
536612
536613
536614
536615
536616
536617
536618
536619
536620
536621
536622
536623
536624
536625
536626
536627
536628
536629
536630
536631
536632
536633
536634
536635
536636
536637
536638
536639
536640
536641
536642
536643
536644
536645
536646
536647
536648
536649
2017-02-28 20:25 Refreshing browser
536650
536651
536652
536653
536654
536655
536656
536657
536658
536659
536660
536661
536662
536663
536664
536665
536666
536667
536668
536669
536670
536671
536672
536673
536674
536675
536676
536677
536678
536679
536680
536681
536682
536683
536684
536685
536686
536687
536688
536689
536690
536691
536692
536693
536694
536695
536696
536697
536698
536699
2017-02-28 20:29 Refreshing browser
536700
536701
536702
536703
536704
536705
536706
536707
536708
536709
536710
536711
536712
536713
536714
536715
536716
536717
536718
536719
536720
536721
536722
536723
536724
536725
536726
536727
536728
536729
536730
536731
536732
536733
536734
536735
536736
536737
536738
536739
536740
536741
536742
536743
536744
536745
536746
536747
536748
536749
2017-02-28 20:33 Refreshing browser
536750
536751
536752
536753
536754
536755
536756
536757
536758
536759
536760
536761
536762
536763
536764
536765
536766
536767
536768
536769
536770
536771
536772
536773
536774
536775
536776
536777
536778
536779
536780
536781
536782
536783
536784
536785
536786
536787
536788
536789
536790
536791
536792
536793
536794
536795
536796
536797
536798
536799
2017-02-28 20:37 Refreshing browser
536800
536801
536802
536803
536804
536805
536806
536807
536808
536809
536810
536811
536812
536813
536814
536815
536816
536817
536818
536819
536820
536821
536822
536823
536824
536825
536826
536827
536828
536829
536830
536831
536832
536833
536834
536835
536836
536837
536838
536839
536840
536841
536842
536843
536844
536845
536846
536847
536848
536849
2017-02-28 20:41 Refreshing browser
536850
536851
536852
536853
536854
536855
536856
536857
536858
536859
536860
536861
536862
536863
536864
536865
536866
536867
536868
536869
536870
536871
536872
536873
536874
536875
536876
536877
536878
536879
536880
536881
536882
536883
536884
536885
536886
536887
536888
536889
536890
536891
536892
536893
536894
536895
536896
536897
536898
536899
2017-02-28 20:45 Refreshing browser
536900
536901
536902
536903
536904
536905
536906
536907
536908
536909
536910
536911
536912
536913
536914
536915
536916
536917
536918
536919
536920
536921
536922
536923
536924
536925
536926
536927
536928
536929
536930
536931
536932
536933
536934
536935
536936
536937
536938
536939
536940
536941
536942
536943
536944
536945
536946
536947
536948
536949
2017-02-28 20:49 Refreshing browser
536950
536951
536952
536953
536954
536955
536956
536957
536958
536959
536960
536961
536962
536963
536964
536965
536966
536967
536968
536969
536970
536971
536972
536973
536974
536975
536976
536977
536978
536979
536980
536981
536982
536983
536984
536985
536986
536987
536988
536989
536990
536991
536992
536993
536994
536995
536996
536997
536998
536999
2017-02-28 20:53 Refreshing browser
537000
537001
537002
537003
537004
537005
537006
537007
537008
537009
537010
537011
537012
537013
537014
537015
537016
537017
537018
537019
537020
537021
537022
537023
537024
537025
537026
537027
537028
537029
537030
537031
537032
537033
537034
537035
537036
537037
537038
537039
537040
537041
537042
537043
537044
537045
537046
537047
537048
537049
2017-02-28 20:57 Refreshing browser
537050
537051
537052
537053
537054
537055
537056
537057
537058
537059
537060
537061
537062
537063
537064
537065
537066
537067
537068
537069
537070
537071
537072
537073
537074
537075
537076
537077
537078
537079
537080
537081
537082
537083
537084
537085
537086
537087
537088
537089
537090
537091
537092
537093
537094
537095
537096
537097
537098
537099
2017-02-28 21:01 Refreshing browser
537100
537101
537102
537103
537104
537105
537106
537107
537108
537109
537110
537111
537112
537113
537114
537115
537116
537117
537118
537119
537120
537121
537122
537123
537124
537125
537126
537127
537128
537129
537130
537131
537132
537133
537134
537135
537136
537137
537138
537139
537140
537141
537142
537143
537144
537145
537146
537147
537148
537149
2017-02-28 21:05 Refreshing browser
537150
537151
537152
537153
537154
537155
537156
537157
537158
537159
537160
537161
537162
537163
537164
537165
537166
537167
537168
537169
537170
537171
537172
537173
537174
537175
537176
537177
537178
537179
537180
537181
537182
537183
537184
537185
537186
537187
537188
537189
537190
537191
537192
537193
537194
537195
537196
537197
537198
537199
2017-02-28 21:09 Refreshing browser
537200
537201
537202
537203
537204
537205
537206
537207
537208
537209
537210
537211
537212
537213
537214
537215
537216
537217
537218
537219
537220
537221
537222
537223
537224
537225
537226
537227
537228
537229
537230
537231
537232
537233
537234
537235
537236
537237
537238
537239
537240
537241
537242
537243
537244
537245
537246
537247
537248
537249
2017-02-28 21:13 Refreshing browser
537250
537251
537252
537253
537254
537255
537256
537257
537258
537259
537260
537261
537262
537263
537264
537265
537266
537267
537268
537269
537270
537271
537272
537273
537274
537275
537276
537277
537278
537279
537280
537281
537282
537283
537284
537285
537286
537287
537288
537289
537290
537291
537292
537293
537294
537295
537296
537297
537298
537299
2017-02-28 21:17 Refreshing browser
537300
537301
537302
537303
537304
537305
537306
537307
537308
537309
537310
537311
537312
537313
537314
537315
537316
537317
537318
537319
537320
537321
537322
537323
537324
537325
537326
537327
537328
537329
537330
537331
537332
537333
537334
537335
537336
537337
537338
537339
537340
537341
537342
537343
537344
537345
537346
537347
537348
537349
2017-02-28 21:21 Refreshing browser
537350
537351
537352
537353
537354
537355
537356
537357
537358
537359
537360
537361
537362
537363
537364
537365
537366
537367
537368
537369
537370
537371
537372
537373
537374
537375
537376
537377
537378
537379
537380
537381
537382
537383
537384
537385
537386
537387
537388
537389
537390
537391
537392
537393
537394
537395
537396
537397
537398
537399
2017-02-28 21:25 Refreshing browser
537400
537401
537402
537403
537404
537405
537406
537407
537408
537409
537410
537411
537412
537413
537414
537415
537416
537417
537418
537419
537420
537421
537422
537423
537424
537425
537426
537427
537428
537429
537430
537431
537432
537433
537434
537435
537436
537437
537438
537439
537440
537441
537442
537443
537444
537445
537446
537447
537448
537449
2017-02-28 21:29 Refreshing browser
537450
537451
537452
537453
537454
537455
537456
537457
537458
537459
537460
537461
537462
537463
537464
537465
537466
537467
537468
537469
537470
537471
537472
537473
537474
537475
537476
537477
537478
537479
537480
537481
537482
537483
537484
537485
537486
537487
537488
537489
537490
537491
537492
537493
537494
537495
537496
537497
537498
537499
2017-02-28 21:33 Refreshing browser
537500
537501
537502
537503
537504
537505
537506
537507
537508
537509
537510
537511
537512
537513
537514
537515
537516
537517
537518
537519
537520
537521
537522
537523
537524
537525
537526
537527
537528
537529
537530
537531
537532
537533
537534
537535
537536
537537
537538
537539
537540
537541
537542
537543
537544
537545
537546
537547
537548
537549
2017-02-28 21:37 Refreshing browser
537550
537551
537552
537553
537554
537555
537556
537557
537558
537559
537560
537561
537562
537563
537564
537565
537566
537567
537568
537569
537570
537571
537572
537573
537574
537575
537576
537577
537578
537579
537580
537581
537582
537583
537584
537585
537586
537587
537588
537589
537590
537591
537592
537593
537594
537595
537596
537597
537598
537599
2017-02-28 21:41 Refreshing browser
537600
537601
537602
537603
537604
537605
537606
537607
537608
537609
537610
537611
537612
537613
537614
537615
537616
537617
537618
537619
537620
537621
537622
537623
537624
537625
537626
537627
537628
537629
537630
537631
537632
537633
537634
537635
537636
537637
537638
537639
537640
537641
537642
537643
537644
537645
537646
537647
537648
537649
2017-02-28 21:46 Refreshing browser
537650
537651
537652
537653
537654
537655
537656
537657
537658
537659
537660
537661
537662
537663
537664
537665
537666
537667
537668
537669
537670
537671
537672
537673
537674
537675
537676
537677
537678
537679
537680
537681
537682
537683
537684
537685
537686
537687
537688
537689
537690
537691
537692
537693
537694
537695
537696
537697
537698
537699
2017-02-28 21:50 Refreshing browser
537700
537701
537702
537703
537704
537705
537706
537707
537708
537709
537710
537711
537712
537713
537714
537715
537716
537717
537718
537719
537720
537721
537722
537723
537724
537725
537726
537727
537728
537729
537730
537731
537732
537733
537734
537735
537736
537737
537738
537739
537740
537741
537742
537743
537744
537745
537746
537747
537748
537749
2017-02-28 21:54 Refreshing browser
537750
537751
537752
537753
537754
537755
537756
537757
537758
537759
537760
537761
537762
537763
537764
537765
537766
537767
537768
537769
537770
537771
537772
537773
537774
537775
537776
537777
537778
537779
537780
537781
537782
537783
537784
537785
537786
537787
537788
537789
537790
537791
537792
537793
537794
537795
537796
537797
537798
537799
2017-02-28 21:58 Refreshing browser
537800
537801
537802
537803
537804
537805
537806
537807
537808
537809
537810
537811
537812
537813
537814
537815
537816
537817
537818
537819
537820
537821
537822
537823
537824
537825
537826
537827
537828
537829
537830
537831
537832
537833
537834
537835
537836
537837
537838
537839
537840
537841
537842
537843
537844
537845
537846
537847
537848
537849
2017-02-28 22:02 Refreshing browser
537850
537851
537852
537853
537854
537855
537856
537857
537858
537859
537860
537861
537862
537863
537864
537865
537866
537867
537868
537869
537870
537871
537872
537873
537874
537875
537876
537877
537878
537879
537880
537881
537882
537883
537884
537885
537886
537887
537888
537889
537890
537891
537892
537893
537894
537895
537896
537897
537898
537899
2017-02-28 22:06 Refreshing browser
537900
537901
537902
537903
537904
537905
537906
537907
537908
537909
537910
537911
537912
537913
537914
537915
537916
537917
537918
537919
537920
537921
537922
537923
537924
537925
537926
537927
537928
537929
537930
537931
537932
537933
537934
537935
537936
537937
537938
537939
537940
537941
537942
537943
537944
537945
537946
537947
537948
537949
2017-02-28 22:10 Refreshing browser
537950
537951
537952
537953
537954
537955
537956
537957
537958
537959
537960
537961
537962
537963
537964
537965
537966
537967
537968
537969
537970
537971
537972
537973
537974
537975
537976
537977
537978
537979
537980
537981
537982
537983
537984
537985
537986
537987
537988
537989
537990
537991
537992
537993
537994
537995
537996
537997
537998
537999
2017-02-28 22:14 Refreshing browser
538000
538001
538002
538003
538004
538005
538006
538007
538008
538009
538010
538011
538012
538013
538014
538015
538016
538017
538018
538019
538020
538021
538022
538023
538024
538025
538026
538027
538028
538029
538030
538031
538032
538033
538034
538035
538036
538037
538038
538039
538040
538041
538042
538043
538044
538045
538046
538047
538048
538049
2017-02-28 22:18 Refreshing browser
538050
538051
538052
538053
538054
538055
538056
538057
538058
538059
538060
538061
538062
538063
538064
538065
538066
538067
538068
538069
538070
538071
538072
538073
538074
538075
538076
538077
538078
538079
538080
538081
538082
538083
538084
538085
538086
538087
538088
538089
538090
538091
538092
538093
538094
538095
538096
538097
538098
538099
2017-02-28 22:22 Refreshing browser
538100
538101
538102
538103
538104
538105
538106
538107
538108
538109
538110
538111
538112
538113
538114
538115
538116
538117
538118
538119
538120
538121
538122
538123
538124
538125
538126
538127
538128
538129
538130
538131
538132
538133
538134
538135
538136
538137
538138
538139
538140
538141
538142
538143
538144
538145
538146
538147
538148
538149
2017-02-28 22:26 Refreshing browser
538150
538151
538152
538153
538154
538155
538156
538157
538158
538159
538160
538161
538162
538163
538164
538165
538166
538167
538168
538169
538170
538171
538172
538173
538174
538175
538176
538177
538178
538179
538180
538181
538182
538183
538184
538185
538186
538187
538188
538189
538190
538191
538192
538193
538194
538195
538196
538197
538198
538199
2017-02-28 22:30 Refreshing browser
538200
538201
538202
538203
538204
538205
538206
538207
538208
538209
538210
538211
538212
538213
538214
538215
538216
538217
538218
538219
538220
538221
538222
538223
538224
538225
538226
538227
538228
538229
538230
538231
538232
538233
538234
538235
538236
538237
538238
538239
538240
538241
538242
538243
538244
538245
538246
538247
538248
538249
2017-02-28 22:34 Refreshing browser
538250
538251
538252
538253
538254
538255
538256
538257
538258
538259
538260
538261
538262
538263
538264
538265
538266
538267
538268
538269
538270
538271
538272
538273
538274
538275
538276
538277
538278
538279
538280
538281
538282
538283
538284
538285
538286
538287
538288
538289
538290
538291
538292
538293
538294
538295
538296
538297
538298
538299
2017-02-28 22:38 Refreshing browser
538300
538301
538302
538303
538304
538305
538306
538307
538308
538309
538310
538311
538312
538313
538314
538315
538316
538317
538318
538319
538320
538321
538322
538323
538324
538325
538326
538327
538328
538329
538330
538331
538332
538333
538334
538335
538336
538337
538338
538339
538340
538341
538342
538343
538344
538345
538346
538347
538348
538349
2017-02-28 22:42 Refreshing browser
538350
538351
538352
538353
538354
538355
538356
538357
538358
538359
538360
538361
538362
538363
538364
538365
538366
538367
538368
538369
538370
538371
538372
538373
538374
538375
538376
538377
538378
538379
538380
538381
538382
538383
538384
538385
538386
538387
538388
538389
538390
538391
538392
538393
538394
538395
538396
538397
538398
538399
2017-02-28 22:46 Refreshing browser
538400
538401
538402
538403
538404
538405
538406
538407
538408
538409
538410
538411
538412
538413
538414
538415
538416
538417
538418
538419
538420
538421
538422
538423
538424
538425
538426
538427
538428
538429
538430
538431
538432
538433
538434
538435
538436
538437
538438
538439
538440
538441
538442
538443
538444
538445
538446
538447
538448
538449
2017-02-28 22:50 Refreshing browser
538450
538451
538452
538453
538454
538455
538456
538457
538458
538459
538460
538461
538462
538463
538464
538465
538466
538467
538468
538469
538470
538471
538472
538473
538474
538475
538476
538477
538478
538479
538480
538481
538482
538483
538484
538485
538486
538487
538488
538489
538490
538491
538492
538493
538494
538495
538496
538497
538498
538499
2017-02-28 22:54 Refreshing browser
538500
538501
538502
538503
538504
538505
538506
538507
538508
538509
538510
538511
538512
538513
538514
538515
538516
538517
538518
538519
538520
538521
538522
538523
538524
538525
538526
538527
538528
538529
538530
538531
538532
538533
538534
538535
538536
538537
538538
538539
538540
538541
538542
538543
538544
538545
538546
538547
538548
538549
2017-02-28 22:58 Refreshing browser
538550
538551
538552
538553
538554
538555
538556
538557
538558
538559
538560
538561
538562
538563
538564
538565
538566
538567
538568
538569
538570
538571
538572
538573
538574
538575
538576
538577
538578
538579
538580
538581
538582
538583
538584
538585
538586
538587
538588
538589
538590
538591
538592
538593
538594
538595
538596
538597
538598
538599
2017-02-28 23:02 Refreshing browser
538600
538601
538602
538603
538604
538605
538606
538607
538608
538609
538610
538611
538612
538613
538614
538615
538616
538617
538618
538619
538620
538621
538622
538623
538624
538625
538626
538627
538628
538629
538630
538631
538632
538633
538634
538635
538636
538637
538638
538639
538640
538641
538642
538643
538644
538645
538646
538647
538648
538649
2017-02-28 23:06 Refreshing browser
538650
538651
538652
538653
538654
538655
538656
538657
538658
538659
538660
538661
538662
538663
538664
538665
538666
538667
538668
538669
538670
538671
538672
538673
538674
538675
538676
538677
538678
538679
538680
538681
538682
538683
538684
538685
538686
538687
538688
538689
538690
538691
538692
538693
538694
538695
538696
538697
538698
538699
2017-02-28 23:10 Refreshing browser
538700
538701
538702
538703
538704
538705
538706
538707
538708
538709
538710
538711
538712
538713
538714
538715
538716
538717
538718
538719
538720
538721
538722
538723
538724
538725
538726
538727
538728
538729
538730
538731
538732
538733
538734
538735
538736
538737
538738
538739
538740
538741
538742
538743
538744
538745
538746
538747
538748
538749
2017-02-28 23:15 Refreshing browser
538750
538751
538752
538753
538754
538755
538756
538757
538758
538759
538760
538761
538762
538763
538764
538765
538766
538767
538768
538769
538770
538771
538772
538773
538774
538775
538776
538777
538778
538779
538780
538781
538782
538783
538784
538785
538786
538787
538788
538789
538790
538791
538792
538793
538794
538795
538796
538797
538798
538799
2017-02-28 23:19 Refreshing browser
538800
538801
538802
538803
538804
538805
538806
538807
538808
538809
538810
538811
538812
538813
538814
538815
538816
538817
538818
538819
538820
538821
538822
538823
538824
538825
538826
538827
538828
538829
538830
538831
538832
538833
538834
538835
538836
538837
538838
538839
538840
538841
538842
538843
538844
538845
538846
538847
538848
538849
2017-02-28 23:22 Refreshing browser
538850
538851
538852
538853
538854
538855
538856
538857
538858
538859
538860
538861
538862
538863
538864
538865
538866
538867
538868
538869
538870
538871
538872
538873
538874
538875
538876
538877
538878
538879
538880
538881
538882
538883
538884
538885
538886
538887
538888
538889
538890
538891
538892
538893
538894
538895
538896
538897
538898
538899
2017-02-28 23:27 Refreshing browser
538900
538901
538902
538903
538904
538905
538906
538907
538908
538909
538910
538911
538912
538913
538914
538915
538916
538917
538918
538919
538920
538921
538922
538923
538924
538925
538926
538927
538928
538929
538930
538931
538932
538933
538934
538935
538936
538937
538938
538939
538940
538941
538942
538943
538944
538945
538946
538947
538948
538949
2017-02-28 23:31 Refreshing browser
538950
538951
538952
538953
538954
538955
538956
538957
538958
538959
538960
538961
538962
538963
538964
538965
538966
538967
538968
538969
538970
538971
538972
538973
538974
538975
538976
538977
538978
538979
538980
538981
538982
538983
538984
538985
538986
538987
538988
538989
538990
538991
538992
538993
538994
538995
538996
538997
538998
538999
2017-02-28 23:35 Refreshing browser
539000
539001
539002
539003
539004
539005
539006
539007
539008
539009
539010
539011
539012
539013
539014
539015
539016
539017
539018
539019
539020
539021
539022
539023
539024
539025
539026
539027
539028
539029
539030
539031
539032
539033
539034
539035
539036
539037
539038
539039
539040
539041
539042
539043
539044
539045
539046
539047
539048
539049
2017-02-28 23:39 Refreshing browser
539050
539051
539052
539053
539054
539055
539056
539057
539058
539059
539060
539061
539062
539063
539064
539065
539066
539067
539068
539069
539070
539071
539072
539073
539074
539075
539076
539077
539078
539079
539080
539081
539082
539083
539084
539085
539086
539087
539088
539089
539090
539091
539092
539093
539094
539095
539096
539097
539098
539099
2017-02-28 23:43 Refreshing browser
539100
539101
539102
539103
539104
539105
539106
539107
539108
539109
539110
539111
539112
539113
539114
539115
539116
539117
539118
539119
539120
539121
539122
539123
539124
539125
539126
539127
539128
539129
539130
539131
539132
539133
539134
539135
539136
539137
539138
539139
539140
539141
539142
539143
539144
539145
539146
539147
539148
539149
2017-02-28 23:47 Refreshing browser
539150
539151
539152
539153
539154
539155
539156
539157
539158
539159
539160
539161
539162
539163
539164
539165
539166
539167
539168
539169
539170
539171
539172
539173
539174
539175
539176
539177
539178
539179
539180
539181
539182
539183
539184
539185
539186
539187
539188
539189
539190
539191
539192
539193
539194
539195
539196
539197
539198
539199
2017-02-28 23:51 Refreshing browser
539200
539201
539202
539203
539204
539205
539206
539207
539208
539209
539210
539211
539212
539213
539214
539215
539216
539217
539218
539219
539220
539221
539222
539223
539224
539225
539226
539227
539228
539229
539230
539231
539232
539233
539234
539235
539236
539237
539238
539239
539240
539241
539242
539243
539244
539245
539246
539247
539248
539249
2017-02-28 23:55 Refreshing browser
539250
539251
539252
539253
539254
539255
539256
539257
539258
539259
539260
539261
539262
539263
539264
539265
539266
539267
539268
539269
539270
539271
539272
539273
539274
539275
539276
539277
539278
539279
539280
539281
539282
539283
539284
539285
539286
539287
539288
539289
539290
539291
539292
539293
539294
539295
539296
539297
539298
539299
2017-02-28 23:59 Refreshing browser
539300
539301
539302
539303
539304
539305
539306
539307
539308
539309
539310
539311
539312
539313
539314
539315
539316
539317
539318
539319
539320
539321
539322
539323
539324
539325
539326
539327
539328
539329
539330
539331
539332
539333
539334
539335
539336
539337
539338
539339
539340
539341
539342
539343
539344
539345
539346
539347
539348
539349
2017-03-01 00:03 Refreshing browser
539350
539351
539352
539353
539354
539355
539356
539357
539358
539359
539360
539361
539362
539363
539364
539365
539366
539367
539368
539369
539370
539371
539372
539373
539374
539375
539376
539377
539378
539379
539380
539381
539382
539383
539384
539385
539386
539387
539388
539389
539390
539391
539392
539393
539394
539395
539396
539397
539398
539399
2017-03-01 00:07 Refreshing browser
539400
539401
539402
539403
539404
539405
539406
539407
539408
539409
539410
539411
539412
539413
539414
539415
539416
539417
539418
539419
539420
539421
539422
539423
539424
539425
539426
539427
539428
539429
539430
539431
539432
539433
539434
539435
539436
539437
539438
539439
539440
539441
539442
539443
539444
539445
539446
539447
539448
539449
2017-03-01 00:11 Refreshing browser
539450
539451
539452
539453
539454
539455
539456
539457
539458
539459
539460
539461
539462
539463
539464
539465
539466
539467
539468
539469
539470
539471
539472
539473
539474
539475
539476
539477
539478
539479
539480
539481
539482
539483
539484
539485
539486
539487
539488
539489
539490
539491
539492
539493
539494
539495
539496
539497
539498
539499
2017-03-01 00:15 Refreshing browser
539500
539501
539502
539503
539504
539505
539506
539507
539508
539509
539510
539511
539512
539513
539514
539515
539516
539517
539518
539519
539520
539521
539522
539523
539524
539525
539526
539527
539528
539529
539530
539531
539532
539533
539534
539535
539536
539537
539538
539539
539540
539541
539542
539543
539544
539545
539546
539547
539548
539549
2017-03-01 00:19 Refreshing browser
539550
539551
539552
539553
539554
539555
539556
539557
539558
539559
539560
539561
539562
539563
539564
539565
539566
539567
539568
539569
539570
539571
539572
539573
539574
539575
539576
539577
539578
539579
539580
539581
539582
539583
539584
539585
539586
539587
539588
539589
539590
539591
539592
539593
539594
539595
539596
539597
539598
539599
2017-03-01 00:23 Refreshing browser
539600
539601
539602
539603
539604
539605
539606
539607
539608
539609
539610
539611
539612
539613
539614
539615
539616
539617
539618
539619
539620
539621
539622
539623
539624
539625
539626
539627
539628
539629
539630
539631
539632
539633
539634
539635
539636
539637
539638
539639
539640
539641
539642
539643
539644
539645
539646
539647
539648
539649
2017-03-01 00:27 Refreshing browser
539650
539651
539652
539653
539654
539655
539656
539657
539658
539659
539660
539661
539662
539663
539664
539665
539666
539667
539668
539669
539670
539671
539672
539673
539674
539675
539676
539677
539678
539679
539680
539681
539682
539683
539684
539685
539686
539687
539688
539689
539690
539691
539692
539693
539694
539695
539696
539697
539698
539699
2017-03-01 00:31 Refreshing browser
539700
539701
539702
539703
539704
539705
539706
539707
539708
539709
539710
539711
539712
539713
539714
539715
539716
539717
539718
539719
539720
539721
539722
539723
539724
539725
539726
539727
539728
539729
539730
539731
539732
539733
539734
539735
539736
539737
539738
539739
539740
539741
539742
539743
539744
539745
539746
539747
539748
539749
2017-03-01 00:35 Refreshing browser
539750
539751
539752
539753
539754
539755
539756
539757
539758
539759
539760
539761
539762
539763
539764
539765
539766
539767
539768
539769
539770
539771
539772
539773
539774
539775
539776
539777
539778
539779
539780
539781
539782
539783
539784
539785
539786
539787
539788
539789
539790
539791
539792
539793
539794
539795
539796
539797
539798
539799
2017-03-01 00:39 Refreshing browser
539800
539801
539802
539803
539804
539805
539806
539807
539808
539809
539810
539811
539812
539813
539814
539815
539816
539817
539818
539819
539820
539821
539822
539823
539824
539825
539826
539827
539828
539829
539830
539831
539832
539833
539834
539835
539836
539837
539838
539839
539840
539841
539842
539843
539844
539845
539846
539847
539848
539849
2017-03-01 00:43 Refreshing browser
539850
539851
539852
539853
539854
539855
539856
539857
539858
539859
539860
539861
539862
539863
539864
539865
539866
539867
539868
539869
539870
539871
539872
539873
539874
539875
539876
539877
539878
539879
539880
539881
539882
539883
539884
539885
539886
539887
539888
539889
539890
539891
539892
539893
539894
539895
539896
539897
539898
539899
2017-03-01 00:47 Refreshing browser
539900
539901
539902
539903
539904
539905
539906
539907
539908
539909
539910
539911
539912
539913
539914
539915
539916
539917
539918
539919
539920
539921
539922
539923
539924
539925
539926
539927
539928
539929
539930
539931
539932
539933
539934
539935
539936
539937
539938
539939
539940
539941
539942
539943
539944
539945
539946
539947
539948
539949
2017-03-01 00:51 Refreshing browser
539950
539951
539952
539953
539954
539955
539956
539957
539958
539959
539960
539961
539962
539963
539964
539965
539966
539967
539968
539969
539970
539971
539972
539973
539974
539975
539976
539977
539978
539979
539980
539981
539982
539983
539984
539985
539986
539987
539988
539989
539990
539991
539992
539993
539994
539995
539996
539997
539998
539999
2017-03-01 00:55 Refreshing browser
540000
540001
540002
540003
540004
540005
540006
540007
540008
540009
540010
540011
540012
540013
540014
540015
540016
540017
540018
540019
540020
540021
540022
540023
540024
540025
540026
540027
540028
540029
540030
540031
540032
540033
540034
540035
540036
540037
540038
540039
540040
540041
540042
540043
540044
540045
540046
540047
540048
540049
2017-03-01 01:00 Refreshing browser
540050
540051
540052
540053
540054
540055
540056
540057
540058
540059
540060
540061
540062
540063
540064
540065
540066
540067
540068
540069
540070
540071
540072
540073
540074
540075
540076
540077
540078
540079
540080
540081
540082
540083
540084
540085
540086
540087
540088
540089
540090
540091
540092
540093
540094
540095
540096
540097
540098
540099
2017-03-01 01:04 Refreshing browser
540100
540101
540102
540103
540104
540105
540106
540107
540108
540109
540110
540111
540112
540113
540114
540115
540116
540117
540118
540119
540120
540121
540122
540123
540124
540125
540126
540127
540128
540129
540130
540131
540132
540133
540134
540135
540136
540137
540138
540139
540140
540141
540142
540143
540144
540145
540146
540147
540148
540149
2017-03-01 01:08 Refreshing browser
540150
540151
540152
540153
540154
540155
540156
540157
540158
540159
540160
540161
540162
540163
540164
540165
540166
540167
540168
540169
540170
540171
540172
540173
540174
540175
540176
540177
540178
540179
540180
540181
540182
540183
540184
540185
540186
540187
540188
540189
540190
540191
540192
540193
540194
540195
540196
540197
540198
540199
2017-03-01 01:12 Refreshing browser
540200
540201
540202
540203
540204
540205
540206
540207
540208
540209
540210
540211
540212
540213
540214
540215
540216
540217
540218
540219
540220
540221
540222
540223
540224
540225
540226
540227
540228
540229
540230
540231
540232
540233
540234
540235
540236
540237
540238
540239
540240
540241
540242
540243
540244
540245
540246
540247
540248
540249
2017-03-01 01:16 Refreshing browser
540250
540251
540252
540253
540254
540255
540256
540257
540258
540259
540260
540261
540262
540263
540264
540265
540266
540267
540268
540269
540270
540271
540272
540273
540274
540275
540276
540277
540278
540279
540280
540281
540282
540283
540284
540285
540286
540287
540288
540289
540290
540291
540292
540293
540294
540295
540296
540297
540298
540299
2017-03-01 01:20 Refreshing browser
540300
540301
540302
540303
540304
540305
540306
540307
540308
540309
540310
540311
540312
540313
540314
540315
540316
540317
540318
540319
540320
540321
540322
540323
540324
540325
540326
540327
540328
540329
540330
540331
540332
540333
540334
540335
540336
540337
540338
540339
540340
540341
540342
540343
540344
540345
540346
540347
540348
540349
2017-03-01 01:25 Refreshing browser
540350
540351
540352
540353
540354
540355
540356
540357
540358
540359
540360
540361
540362
540363
540364
540365
540366
540367
540368
540369
540370
540371
540372
540373
540374
540375
540376
540377
540378
540379
540380
540381
540382
540383
540384
540385
540386
540387
540388
540389
540390
540391
540392
540393
540394
540395
540396
540397
540398
540399
2017-03-01 01:29 Refreshing browser
540400
540401
540402
540403
540404
540405
540406
540407
540408
540409
540410
540411
540412
540413
540414
540415
540416
540417
540418
540419
540420
540421
540422
540423
540424
540425
540426
540427
540428
540429
540430
540431
540432
540433
540434
540435
540436
540437
540438
540439
540440
540441
540442
540443
540444
540445
540446
540447
540448
540449
2017-03-01 01:33 Refreshing browser
540450
540451
540452
540453
540454
540455
540456
540457
540458
540459
540460
540461
540462
540463
540464
540465
540466
540467
540468
540469
540470
540471
540472
540473
540474
540475
540476
540477
540478
540479
540480
540481
540482
540483
540484
540485
540486
540487
540488
540489
540490
540491
540492
540493
540494
540495
540496
540497
540498
540499
2017-03-01 01:37 Refreshing browser
540500
540501
540502
540503
540504
540505
540506
540507
540508
540509
540510
540511
540512
540513
540514
540515
540516
540517
540518
540519
540520
540521
540522
540523
540524
540525
540526
540527
540528
540529
540530
540531
540532
540533
540534
540535
540536
540537
540538
540539
540540
540541
540542
540543
540544
540545
540546
540547
540548
540549
2017-03-01 01:41 Refreshing browser
540550
540551
540552
540553
540554
540555
540556
540557
540558
540559
540560
540561
540562
540563
540564
540565
540566
540567
540568
540569
540570
540571
540572
540573
540574
540575
540576
540577
540578
540579
540580
540581
540582
540583
540584
540585
540586
540587
540588
540589
540590
540591
540592
540593
540594
540595
540596
540597
540598
540599
2017-03-01 01:45 Refreshing browser
540600
540601
540602
540603
540604
540605
540606
540607
540608
540609
540610
540611
540612
540613
540614
540615
540616
540617
540618
540619
540620
540621
540622
540623
540624
540625
540626
540627
540628
540629
540630
540631
540632
540633
540634
540635
540636
540637
540638
540639
540640
540641
540642
540643
540644
540645
540646
540647
540648
540649
2017-03-01 01:49 Refreshing browser
540650
540651
540652
540653
540654
540655
540656
540657
540658
540659
540660
540661
540662
540663
540664
540665
540666
540667
540668
540669
540670
540671
540672
540673
540674
540675
540676
540677
540678
540679
540680
540681
540682
540683
540684
540685
540686
540687
540688
540689
540690
540691
540692
540693
540694
540695
540696
540697
540698
540699
2017-03-01 01:54 Refreshing browser
540700
540701
540702
540703
540704
540705
540706
540707
540708
540709
540710
540711
540712
540713
540714
540715
540716
540717
540718
540719
540720
540721
540722
540723
540724
540725
540726
540727
540728
540729
540730
540731
540732
540733
540734
540735
540736
540737
540738
540739
540740
540741
540742
540743
540744
540745
540746
540747
540748
540749
2017-03-01 01:58 Refreshing browser
540750
540751
540752
540753
540754
540755
540756
540757
540758
540759
540760
540761
540762
540763
540764
540765
540766
540767
540768
540769
540770
540771
540772
540773
540774
540775
540776
540777
540778
540779
540780
540781
540782
540783
540784
540785
540786
540787
540788
540789
540790
540791
540792
540793
540794
540795
540796
540797
540798
540799
2017-03-01 02:02 Refreshing browser
540800
540801
540802
540803
540804
540805
540806
540807
540808
540809
540810
540811
540812
540813
540814
540815
540816
540817
540818
540819
540820
540821
540822
540823
540824
540825
540826
540827
540828
540829
540830
540831
540832
540833
540834
540835
540836
540837
540838
540839
540840
540841
540842
540843
540844
540845
540846
540847
540848
540849
2017-03-01 02:06 Refreshing browser
540850
540851
540852
540853
540854
540855
540856
540857
540858
540859
540860
540861
540862
540863
540864
540865
540866
540867
540868
540869
540870
540871
540872
540873
540874
540875
540876
540877
540878
540879
540880
540881
540882
540883
540884
540885
540886
540887
540888
540889
540890
540891
540892
540893
540894
540895
540896
540897
540898
540899
2017-03-01 02:10 Refreshing browser
540900
540901
540902
540903
540904
540905
540906
540907
540908
540909
540910
540911
540912
540913
540914
540915
540916
540917
540918
540919
540920
540921
540922
540923
540924
540925
540926
540927
540928
540929
540930
540931
540932
540933
540934
540935
540936
540937
540938
540939
540940
540941
540942
540943
540944
540945
540946
540947
540948
540949
2017-03-01 02:14 Refreshing browser
540950
540951
540952
540953
540954
540955
540956
540957
540958
540959
540960
540961
540962
540963
540964
540965
540966
540967
540968
540969
540970
540971
540972
540973
540974
540975
540976
540977
540978
540979
540980
540981
540982
540983
540984
540985
540986
540987
540988
540989
540990
540991
540992
540993
540994
540995
540996
540997
540998
540999
2017-03-01 02:18 Refreshing browser
541000
541001
541002
541003
541004
541005
541006
541007
541008
541009
541010
541011
541012
541013
541014
541015
541016
541017
541018
541019
541020
541021
541022
541023
541024
541025
541026
541027
541028
541029
541030
541031
541032
541033
541034
541035
541036
541037
541038
541039
541040
541041
541042
541043
541044
541045
541046
541047
541048
541049
2017-03-01 02:22 Refreshing browser
541050
541051
541052
541053
541054
541055
541056
541057
541058
541059
541060
541061
541062
541063
541064
541065
541066
541067
541068
541069
541070
541071
541072
541073
541074
541075
541076
541077
541078
541079
541080
541081
541082
541083
541084
541085
541086
541087
541088
541089
541090
541091
541092
541093
541094
541095
541096
541097
541098
541099
2017-03-01 02:26 Refreshing browser
541100
541101
541102
541103
541104
541105
541106
541107
541108
541109
541110
541111
541112
541113
541114
541115
541116
541117
541118
541119
541120
541121
541122
541123
541124
541125
541126
541127
541128
541129
541130
541131
541132
541133
541134
541135
541136
541137
541138
541139
541140
541141
541142
541143
541144
541145
541146
541147
541148
541149
2017-03-01 02:30 Refreshing browser
541150
541151
541152
541153
541154
541155
541156
541157
541158
541159
541160
541161
541162
541163
541164
541165
541166
541167
541168
541169
541170
541171
541172
541173
541174
541175
541176
541177
541178
541179
541180
541181
541182
541183
541184
541185
541186
541187
541188
541189
541190
541191
541192
541193
541194
541195
541196
541197
541198
541199
2017-03-01 02:35 Refreshing browser
541200
541201
541202
541203
541204
541205
541206
541207
541208
541209
541210
541211
541212
541213
541214
541215
541216
541217
541218
541219
541220
541221
541222
541223
541224
541225
541226
541227
541228
541229
541230
541231
541232
541233
541234
541235
541236
541237
541238
541239
541240
541241
541242
541243
541244
541245
541246
541247
541248
541249
2017-03-01 02:39 Refreshing browser
541250
541251
541252
541253
541254
541255
541256
541257
541258
541259
541260
541261
541262
541263
541264
541265
541266
541267
541268
541269
541270
541271
541272
541273
541274
541275
541276
541277
541278
541279
541280
541281
541282
541283
541284
541285
541286
541287
541288
541289
541290
541291
541292
541293
541294
541295
541296
541297
541298
541299
2017-03-01 02:43 Refreshing browser
541300
541301
541302
541303
541304
541305
541306
541307
541308
541309
541310
541311
541312
541313
541314
541315
541316
541317
541318
541319
541320
541321
541322
541323
541324
541325
541326
541327
541328
541329
541330
541331
541332
541333
541334
541335
541336
541337
541338
541339
541340
541341
541342
541343
541344
541345
541346
541347
541348
541349
2017-03-01 02:47 Refreshing browser
541350
541351
541352
541353
541354
541355
541356
541357
541358
541359
541360
541361
541362
541363
541364
541365
541366
541367
541368
541369
541370
541371
541372
541373
541374
541375
541376
541377
541378
541379
541380
541381
541382
541383
541384
541385
541386
541387
541388
541389
541390
541391
541392
541393
541394
541395
541396
541397
541398
541399
2017-03-01 02:51 Refreshing browser
541400
541401
541402
541403
541404
541405
541406
541407
541408
541409
541410
541411
541412
541413
541414
541415
541416
541417
541418
541419
541420
541421
541422
541423
541424
541425
541426
541427
541428
541429
541430
541431
541432
541433
541434
541435
541436
541437
541438
541439
541440
541441
541442
541443
541444
541445
541446
541447
541448
541449
2017-03-01 02:55 Refreshing browser
541450
541451
541452
541453
541454
541455
541456
541457
541458
541459
541460
541461
541462
541463
541464
541465
541466
541467
541468
541469
541470
541471
541472
541473
541474
541475
541476
541477
541478
541479
541480
541481
541482
541483
541484
541485
541486
541487
541488
541489
541490
541491
541492
541493
541494
541495
541496
541497
541498
541499
2017-03-01 02:59 Refreshing browser
541500
541501
541502
541503
541504
541505
541506
541507
541508
541509
541510
541511
541512
541513
541514
541515
541516
541517
541518
541519
541520
541521
541522
541523
541524
541525
541526
541527
541528
541529
541530
541531
541532
541533
541534
541535
541536
541537
541538
541539
541540
541541
541542
541543
541544
541545
541546
541547
541548
541549
2017-03-01 03:03 Refreshing browser
541550
541551
541552
541553
541554
541555
541556
541557
541558
541559
541560
541561
541562
541563
541564
541565
541566
541567
541568
541569
541570
541571
541572
541573
541574
541575
541576
541577
541578
541579
541580
541581
541582
541583
541584
541585
541586
541587
541588
541589
541590
541591
541592
541593
541594
541595
541596
541597
541598
541599
2017-03-01 03:07 Refreshing browser
541600
541601
541602
541603
541604
541605
541606
541607
541608
541609
541610
541611
541612
541613
541614
541615
541616
541617
541618
541619
541620
541621
541622
541623
541624
541625
541626
541627
541628
541629
541630
541631
541632
541633
541634
541635
541636
541637
541638
541639
541640
541641
541642
541643
541644
541645
541646
541647
541648
541649
2017-03-01 03:11 Refreshing browser
541650
541651
541652
541653
541654
541655
541656
541657
541658
541659
541660
541661
541662
541663
541664
541665
541666
541667
541668
541669
541670
541671
541672
541673
541674
541675
541676
541677
541678
541679
541680
541681
541682
541683
541684
541685
541686
541687
541688
541689
541690
541691
541692
541693
541694
541695
541696
541697
541698
541699
2017-03-01 03:16 Refreshing browser
541700
541701
541702
541703
541704
541705
541706
541707
541708
541709
541710
541711
541712
541713
541714
541715
541716
541717
541718
541719
541720
541721
541722
541723
541724
541725
541726
541727
541728
541729
541730
541731
541732
541733
541734
541735
541736
541737
541738
541739
541740
541741
541742
541743
541744
541745
541746
541747
541748
541749
2017-03-01 03:20 Refreshing browser
541750
541751
541752
541753
541754
541755
541756
541757
541758
541759
541760
541761
541762
541763
541764
541765
541766
541767
541768
541769
541770
541771
541772
541773
541774
541775
541776
541777
541778
541779
541780
541781
541782
541783
541784
541785
541786
541787
541788
541789
541790
541791
541792
541793
541794
541795
541796
541797
541798
541799
2017-03-01 03:24 Refreshing browser
541800
541801
541802
541803
541804
541805
541806
541807
541808
541809
541810
541811
541812
541813
541814
541815
541816
541817
541818
541819
541820
541821
541822
541823
541824
541825
541826
541827
541828
541829
541830
541831
541832
541833
541834
541835
541836
541837
541838
541839
541840
541841
541842
541843
541844
541845
541846
541847
541848
541849
2017-03-01 03:28 Refreshing browser
541850
541851
541852
541853
541854
541855
541856
541857
541858
541859
541860
541861
541862
541863
541864
541865
541866
541867
541868
541869
541870
541871
541872
541873
541874
541875
541876
541877
541878
541879
541880
541881
541882
541883
541884
541885
541886
541887
541888
541889
541890
541891
541892
541893
541894
541895
541896
541897
541898
541899
2017-03-01 03:32 Refreshing browser
541900
541901
541902
541903
541904
541905
541906
541907
541908
541909
541910
541911
541912
541913
541914
541915
541916
541917
541918
541919
541920
541921
541922
541923
541924
541925
541926
541927
541928
541929
541930
541931
541932
541933
541934
541935
541936
541937
541938
541939
541940
541941
541942
541943
541944
541945
541946
541947
541948
541949
2017-03-01 03:36 Refreshing browser
541950
541951
541952
541953
541954
541955
541956
541957
541958
541959
541960
541961
541962
541963
541964
541965
541966
541967
541968
541969
541970
541971
541972
541973
541974
541975
541976
541977
541978
541979
541980
541981
541982
541983
541984
541985
541986
541987
541988
541989
541990
541991
541992
541993
541994
541995
541996
541997
541998
541999
2017-03-01 03:40 Refreshing browser
542000
542001
542002
542003
542004
542005
542006
542007
542008
542009
542010
542011
542012
542013
542014
542015
542016
542017
542018
542019
542020
542021
542022
542023
542024
542025
542026
542027
542028
542029
542030
542031
542032
542033
542034
542035
542036
542037
542038
542039
542040
542041
542042
542043
542044
542045
542046
542047
542048
542049
2017-03-01 03:44 Refreshing browser
542050
542051
542052
542053
542054
542055
542056
542057
542058
542059
542060
542061
542062
542063
542064
542065
542066
542067
542068
542069
542070
542071
542072
542073
542074
542075
542076
542077
542078
542079
542080
542081
542082
542083
542084
542085
542086
542087
542088
542089
542090
542091
542092
542093
542094
542095
542096
542097
542098
542099
2017-03-01 03:48 Refreshing browser
542100
542101
542102
542103
542104
542105
542106
542107
542108
542109
542110
542111
542112
542113
542114
542115
542116
542117
542118
542119
542120
542121
542122
542123
542124
542125
542126
542127
542128
542129
542130
542131
542132
542133
542134
542135
542136
542137
542138
542139
542140
542141
542142
542143
542144
542145
542146
542147
542148
542149
2017-03-01 03:52 Refreshing browser
542150
542151
542152
542153
542154
542155
542156
542157
542158
542159
542160
542161
542162
542163
542164
542165
542166
542167
542168
542169
542170
542171
542172
542173
542174
542175
542176
542177
542178
542179
