From 500001 to 592610
2017-02-28 10:12 Start
 Resuming work
531275
531276
531277
531278
531279
531280
531281
531282
531283
531284
531285
531286
531287
531288
531289
531290
531291
531292
531293
531294
531295
531296
531297
531298
531299
2017-02-28 10:15 Refreshing browser
531300
531301
531302
531303
531304
531305
531306
531307
531308
531309
531310
531311
531312
531313
531314
531315
531316
531317
531318
531319
531320
531321
531322
531323
531324
531325
531326
531327
531328
531329
531330
531331
531332
531333
531334
531335
531336
531337
531338
531339
531340
531341
531342
531343
531344
531345
531346
531347
531348
531349
2017-02-28 10:18 Refreshing browser
531350
531351
531352
531353
531354
531355
531356
531357
531358
531359
531360
531361
531362
531363
531364
531365
531366
531367
531368
531369
531370
531371
531372
531373
531374
531375
531376
531377
531378
531379
531380
531381
531382
531383
531384
531385
531386
531387
531388
531389
531390
531391
531392
531393
531394
531395
531396
531397
531398
531399
2017-02-28 10:22 Refreshing browser
531400
531401
531402
531403
531404
531405
531406
531407
531408
531409
531410
531411
531412
531413
531414
531415
531416
531417
531418
531419
531420
531421
531422
531423
531424
531425
531426
531427
531428
531429
531430
531431
531432
531433
531434
531435
531436
531437
531438
531439
531440
531441
531442
531443
531444
531445
531446
531447
531448
531449
2017-02-28 10:26 Refreshing browser
531450
531451
531452
531453
531454
531455
531456
531457
531458
531459
531460
531461
531462
531463
531464
531465
531466
531467
531468
531469
531470
531471
531472
531473
531474
531475
531476
531477
531478
531479
531480
531481
531482
531483
531484
531485
531486
531487
531488
531489
531490
531491
531492
531493
531494
531495
531496
531497
531498
531499
2017-02-28 10:30 Refreshing browser
531500
531501
531502
531503
531504
531505
531506
531507
531508
531509
531510
531511
531512
531513
531514
531515
531516
531517
531518
531519
531520
531521
531522
531523
531524
531525
531526
531527
531528
531529
531530
531531
531532
531533
531534
531535
531536
531537
531538
531539
531540
531541
531542
531543
531544
531545
531546
531547
531548
531549
2017-02-28 10:34 Refreshing browser
531550
531551
531552
531553
531554
531555
531556
531557
531558
531559
531560
531561
531562
531563
531564
531565
531566
531567
531568
531569
531570
531571
531572
531573
531574
531575
531576
531577
531578
531579
531580
531581
531582
531583
531584
531585
531586
531587
531588
531589
531590
531591
531592
531593
531594
531595
531596
531597
531598
531599
2017-02-28 10:38 Refreshing browser
531600
531601
531602
531603
531604
531605
531606
531607
531608
531609
531610
531611
531612
531613
531614
531615
531616
531617
531618
531619
531620
531621
531622
531623
531624
531625
531626
531627
531628
531629
531630
531631
531632
531633
531634
531635
531636
531637
531638
531639
531640
531641
531642
531643
531644
531645
531646
531647
531648
531649
2017-02-28 10:43 Refreshing browser
531650
531651
531652
531653
531654
531655
531656
531657
531658
531659
531660
531661
531662
531663
531664
531665
531666
531667
531668
531669
531670
531671
531672
531673
531674
531675
531676
531677
531678
531679
531680
531681
531682
531683
531684
531685
531686
531687
531688
531689
531690
531691
531692
531693
531694
531695
531696
531697
531698
531699
2017-02-28 10:47 Refreshing browser
531700
531701
531702
531703
531704
531705
531706
531707
531708
531709
531710
531711
531712
531713
531714
531715
531716
531717
531718
531719
531720
531721
531722
531723
531724
531725
531726
531727
531728
531729
531730
531731
531732
531733
531734
531735
531736
531737
531738
531739
531740
531741
531742
531743
531744
531745
531746
531747
531748
531749
2017-02-28 10:51 Refreshing browser
531750
531751
531752
531753
531754
531755
531756
531757
531758
531759
531760
531761
531762
531763
531764
531765
531766
531767
531768
531769
531770
531771
531772
531773
531774
531775
531776
531777
531778
531779
531780
531781
531782
531783
531784
531785
531786
531787
531788
531789
531790
531791
531792
531793
531794
531795
531796
531797
531798
531799
2017-02-28 10:55 Refreshing browser
531800
531801
531802
531803
531804
531805
531806
531807
531808
531809
531810
531811
531812
531813
531814
531815
531816
531817
531818
531819
531820
531821
531822
531823
531824
531825
531826
531827
531828
531829
531830
531831
531832
531833
531834
531835
531836
531837
531838
531839
531840
531841
531842
531843
531844
531845
531846
531847
531848
531849
2017-02-28 10:59 Refreshing browser
531850
531851
531852
531853
531854
531855
531856
531857
531858
531859
531860
531861
531862
531863
531864
531865
531866
531867
531868
531869
531870
531871
531872
531873
531874
531875
531876
531877
531878
531879
531880
531881
531882
531883
531884
531885
531886
531887
531888
531889
531890
531891
531892
531893
531894
531895
531896
531897
531898
531899
2017-02-28 11:03 Refreshing browser
531900
531901
531902
531903
531904
531905
531906
531907
531908
531909
531910
531911
531912
531913
531914
531915
531916
531917
531918
531919
531920
531921
531922
531923
531924
531925
531926
531927
531928
531929
531930
531931
531932
531933
531934
531935
531936
531937
531938
531939
531940
531941
531942
531943
531944
531945
531946
531947
531948
531949
2017-02-28 11:07 Refreshing browser
531950
531951
531952
531953
531954
531955
531956
531957
531958
531959
531960
531961
531962
531963
531964
531965
531966
531967
531968
531969
531970
531971
531972
531973
531974
531975
531976
531977
531978
531979
531980
531981
531982
531983
531984
531985
531986
531987
531988
531989
531990
531991
531992
531993
531994
531995
531996
531997
531998
531999
2017-02-28 11:11 Refreshing browser
532000
532001
532002
532003
532004
532005
532006
532007
532008
532009
532010
532011
532012
532013
532014
532015
532016
532017
532018
532019
532020
532021
532022
532023
532024
532025
532026
532027
532028
532029
532030
532031
532032
532033
532034
532035
532036
532037
532038
532039
532040
532041
532042
532043
532044
532045
532046
532047
532048
532049
2017-02-28 11:15 Refreshing browser
532050
532051
532052
532053
532054
532055
532056
532057
532058
532059
532060
532061
532062
532063
532064
532065
532066
532067
532068
532069
532070
532071
532072
532073
532074
532075
532076
532077
532078
532079
532080
532081
532082
532083
532084
532085
532086
532087
532088
532089
532090
532091
532092
532093
532094
532095
532096
532097
532098
532099
2017-02-28 11:19 Refreshing browser
532100
532101
532102
532103
532104
532105
532106
532107
532108
532109
532110
532111
532112
532113
532114
532115
532116
532117
532118
532119
532120
532121
532122
532123
532124
532125
532126
532127
532128
532129
532130
532131
532132
532133
532134
532135
532136
532137
532138
532139
532140
532141
532142
532143
532144
532145
532146
532147
532148
532149
2017-02-28 11:23 Refreshing browser
532150
532151
532152
532153
532154
532155
532156
532157
532158
532159
532160
532161
532162
532163
532164
532165
532166
532167
532168
532169
532170
532171
532172
532173
532174
532175
532176
532177
532178
532179
532180
532181
532182
532183
532184
532185
532186
532187
532188
532189
532190
532191
532192
532193
532194
532195
532196
532197
532198
532199
2017-02-28 11:27 Refreshing browser
532200
532201
532202
532203
532204
532205
532206
532207
532208
532209
532210
532211
532212
532213
532214
532215
532216
532217
532218
532219
532220
532221
532222
532223
532224
532225
532226
532227
532228
532229
532230
532231
532232
532233
532234
532235
532236
532237
532238
532239
532240
532241
532242
532243
532244
532245
532246
532247
532248
532249
2017-02-28 11:31 Refreshing browser
532250
532251
532252
532253
532254
532255
532256
532257
532258
532259
532260
532261
532262
532263
532264
532265
532266
532267
532268
532269
532270
532271
532272
532273
532274
532275
532276
532277
532278
532279
532280
532281
532282
532283
532284
532285
532286
532287
532288
532289
532290
532291
532292
532293
532294
532295
532296
532297
532298
532299
2017-02-28 11:35 Refreshing browser
532300
532301
532302
532303
532304
532305
532306
532307
532308
532309
532310
532311
532312
532313
532314
532315
532316
532317
532318
532319
532320
532321
532322
532323
532324
532325
532326
532327
532328
532329
532330
532331
532332
532333
532334
532335
532336
532337
532338
532339
532340
532341
532342
532343
532344
532345
532346
532347
532348
532349
2017-02-28 11:39 Refreshing browser
532350
532351
532352
532353
532354
532355
532356
532357
532358
532359
532360
532361
532362
532363
532364
532365
532366
532367
532368
532369
532370
532371
532372
532373
532374
532375
532376
532377
532378
532379
532380
532381
532382
532383
532384
532385
532386
532387
532388
532389
532390
532391
532392
532393
532394
532395
532396
532397
532398
532399
2017-02-28 11:43 Refreshing browser
532400
532401
532402
532403
532404
532405
532406
532407
532408
532409
532410
532411
532412
532413
532414
532415
532416
532417
532418
532419
532420
532421
532422
532423
532424
532425
532426
532427
532428
532429
532430
532431
532432
532433
532434
532435
532436
532437
532438
532439
532440
532441
532442
532443
532444
532445
532446
532447
532448
532449
2017-02-28 11:46 Refreshing browser
532450
532451
532452
532453
532454
532455
532456
532457
532458
532459
532460
532461
532462
532463
532464
532465
532466
532467
532468
532469
532470
532471
532472
532473
532474
532475
532476
532477
532478
532479
532480
532481
532482
532483
532484
532485
532486
532487
532488
532489
532490
532491
532492
532493
532494
532495
532496
532497
532498
532499
2017-02-28 11:50 Refreshing browser
532500
532501
532502
532503
532504
532505
532506
532507
532508
532509
532510
532511
532512
532513
532514
532515
532516
532517
532518
532519
532520
532521
532522
532523
532524
532525
532526
532527
532528
532529
532530
532531
532532
532533
532534
532535
532536
532537
532538
532539
532540
532541
532542
532543
532544
532545
532546
532547
532548
532549
2017-02-28 11:54 Refreshing browser
532550
532551
532552
532553
532554
532555
532556
532557
532558
532559
532560
532561
532562
532563
532564
532565
532566
532567
532568
532569
532570
532571
532572
532573
532574
532575
532576
532577
532578
532579
532580
532581
532582
532583
532584
532585
532586
532587
532588
532589
532590
532591
532592
532593
532594
532595
532596
532597
532598
532599
2017-02-28 11:58 Refreshing browser
532600
532601
532602
532603
532604
532605
532606
532607
532608
532609
532610
532611
532612
532613
532614
532615
532616
532617
532618
532619
532620
532621
532622
532623
532624
532625
532626
532627
532628
532629
532630
532631
532632
532633
532634
532635
532636
532637
532638
532639
532640
532641
532642
532643
532644
532645
532646
532647
532648
532649
2017-02-28 12:03 Refreshing browser
532650
532651
532652
532653
532654
532655
532656
532657
532658
532659
532660
532661
532662
532663
532664
532665
532666
532667
532668
532669
532670
532671
532672
532673
532674
532675
532676
532677
532678
532679
532680
532681
532682
532683
532684
532685
532686
532687
532688
532689
532690
532691
532692
532693
532694
532695
532696
532697
532698
532699
2017-02-28 12:06 Refreshing browser
532700
532701
532702
532703
532704
532705
532706
532707
532708
532709
532710
532711
532712
532713
532714
532715
532716
532717
532718
532719
532720
532721
532722
532723
532724
532725
532726
532727
532728
532729
532730
532731
532732
532733
532734
532735
532736
532737
532738
532739
532740
532741
532742
532743
532744
532745
532746
532747
532748
532749
2017-02-28 12:10 Refreshing browser
532750
532751
532752
532753
532754
532755
532756
532757
532758
532759
532760
532761
532762
532763
532764
532765
532766
532767
532768
532769
532770
532771
532772
532773
532774
532775
532776
532777
532778
532779
532780
532781
532782
532783
532784
532785
532786
532787
532788
532789
532790
532791
532792
532793
532794
532795
532796
532797
532798
532799
2017-02-28 12:14 Refreshing browser
532800
532801
532802
532803
532804
532805
532806
532807
532808
532809
532810
532811
532812
532813
532814
532815
532816
532817
532818
532819
532820
532821
532822
532823
532824
532825
532826
532827
532828
532829
532830
532831
532832
532833
532834
532835
532836
532837
532838
532839
532840
532841
532842
532843
532844
532845
532846
532847
532848
532849
2017-02-28 12:18 Refreshing browser
532850
532851
532852
532853
532854
532855
532856
532857
532858
532859
532860
532861
532862
532863
532864
532865
532866
532867
532868
532869
532870
532871
532872
532873
532874
532875
532876
532877
532878
532879
532880
532881
532882
532883
532884
532885
532886
532887
532888
532889
532890
532891
532892
532893
532894
532895
532896
532897
532898
532899
2017-02-28 12:23 Refreshing browser
532900
532901
532902
532903
532904
532905
532906
532907
532908
532909
532910
532911
532912
532913
532914
532915
532916
532917
532918
532919
532920
532921
532922
532923
532924
532925
532926
532927
532928
532929
532930
532931
532932
532933
532934
532935
532936
532937
532938
532939
532940
532941
532942
532943
532944
532945
532946
532947
532948
532949
2017-02-28 12:27 Refreshing browser
532950
532951
532952
532953
532954
532955
532956
532957
532958
532959
532960
532961
532962
532963
532964
532965
532966
532967
532968
532969
532970
532971
532972
532973
532974
532975
532976
532977
532978
532979
532980
532981
532982
532983
532984
532985
532986
532987
532988
532989
532990
532991
532992
532993
532994
532995
532996
532997
532998
532999
2017-02-28 12:31 Refreshing browser
533000
533001
533002
533003
533004
533005
533006
533007
533008
533009
533010
533011
533012
533013
533014
533015
533016
533017
533018
533019
533020
533021
533022
533023
533024
533025
533026
533027
533028
533029
533030
533031
533032
533033
533034
533035
533036
533037
533038
533039
533040
533041
533042
533043
533044
533045
533046
533047
533048
533049
2017-02-28 12:35 Refreshing browser
533050
533051
533052
533053
533054
533055
533056
533057
533058
533059
533060
533061
533062
533063
533064
533065
533066
533067
533068
533069
533070
533071
533072
533073
533074
533075
533076
533077
533078
533079
533080
533081
533082
533083
533084
533085
533086
533087
533088
533089
533090
533091
533092
533093
533094
533095
533096
533097
533098
533099
2017-02-28 12:59 Refreshing browser
533100
533101
533102
533103
533104
533105
533106
533107
533108
533109
533110
533111
533112
533113
533114
533115
533116
533117
533118
533119
533120
533121
533122
533123
533124
533125
533126
533127
533128
533129
533130
533131
533132
533133
533134
533135
533136
533137
533138
533139
533140
533141
533142
533143
533144
533145
533146
533147
533148
533149
2017-02-28 15:22 Refreshing browser
533150
533151
533152
533153
533154
533155
533156
533157
533158
533159
533160
533161
533162
533163
533164
533165
533166
533167
533168
533169
533170
533171
533172
533173
533174
533175
533176
533177
533178
533179
533180
533181
533182
533183
533184
533185
533186
533187
533188
533189
533190
533191
533192
533193
533194
533195
533196
533197
533198
533199
2017-02-28 15:38 Refreshing browser
533200
533201
533202
533203
533204
533205
533206
533207
533208
533209
533210
533211
533212
533213
533214
533215
533216
533217
533218
533219
533220
533221
533222
533223
533224
533225
533226
533227
533228
533229
533230
533231
533232
533233
533234
533235
533236
533237
533238
533239
533240
533241
533242
533243
533244
533245
533246
533247
533248
533249
2017-02-28 15:42 Refreshing browser
533250
533251
533252
533253
533254
533255
533256
533257
533258
533259
533260
533261
533262
533263
533264
533265
533266
533267
533268
533269
533270
533271
533272
533273
533274
533275
533276
533277
533278
533279
533280
533281
533282
533283
533284
533285
533286
533287
533288
533289
533290
533291
533292
533293
533294
533295
533296
533297
533298
533299
2017-02-28 15:46 Refreshing browser
533300
533301
533302
533303
533304
533305
533306
533307
533308
533309
533310
533311
533312
533313
533314
533315
533316
533317
533318
533319
533320
533321
533322
533323
533324
533325
533326
533327
533328
533329
533330
533331
533332
533333
533334
533335
533336
533337
533338
533339
533340
533341
533342
533343
533344
533345
533346
533347
533348
533349
2017-02-28 15:50 Refreshing browser
533350
533351
533352
533353
533354
533355
533356
533357
533358
533359
533360
533361
533362
533363
533364
533365
533366
533367
533368
533369
533370
533371
533372
533373
533374
533375
533376
533377
533378
533379
533380
533381
533382
533383
533384
533385
533386
533387
533388
533389
533390
533391
533392
533393
533394
533395
533396
533397
533398
533399
2017-02-28 15:54 Refreshing browser
533400
533401
533402
533403
533404
533405
533406
533407
533408
533409
533410
533411
533412
533413
533414
533415
533416
533417
533418
533419
533420
533421
533422
533423
533424
533425
533426
533427
533428
533429
533430
533431
533432
533433
533434
533435
533436
533437
533438
533439
533440
533441
533442
533443
533444
533445
533446
533447
533448
533449
2017-02-28 15:58 Refreshing browser
533450
533451
533452
533453
533454
533455
533456
533457
533458
533459
533460
533461
533462
533463
533464
533465
533466
533467
533468
533469
533470
533471
533472
533473
533474
533475
533476
533477
533478
533479
533480
533481
533482
533483
533484
533485
533486
533487
533488
533489
533490
533491
533492
533493
533494
533495
533496
533497
533498
533499
2017-02-28 16:02 Refreshing browser
533500
533501
533502
533503
533504
533505
533506
533507
533508
533509
533510
533511
533512
533513
533514
533515
533516
533517
533518
533519
533520
533521
533522
533523
533524
533525
533526
533527
533528
533529
533530
533531
533532
533533
533534
533535
533536
533537
533538
533539
533540
533541
533542
533543
533544
533545
533546
533547
533548
533549
2017-02-28 16:06 Refreshing browser
533550
533551
533552
533553
533554
533555
533556
533557
533558
533559
533560
533561
533562
533563
533564
533565
533566
533567
533568
533569
533570
533571
533572
533573
533574
533575
533576
533577
533578
533579
533580
533581
533582
533583
533584
533585
533586
533587
533588
533589
533590
533591
533592
533593
533594
533595
533596
533597
533598
533599
2017-02-28 16:10 Refreshing browser
533600
533601
533602
533603
533604
533605
533606
533607
533608
533609
533610
533611
533612
533613
533614
533615
533616
533617
533618
533619
533620
533621
533622
533623
533624
533625
533626
533627
533628
533629
533630
533631
533632
533633
533634
533635
533636
533637
533638
533639
533640
533641
533642
533643
533644
533645
533646
533647
533648
533649
2017-02-28 16:14 Refreshing browser
533650
533651
533652
533653
533654
533655
533656
533657
533658
533659
533660
533661
533662
533663
533664
533665
533666
533667
533668
533669
533670
533671
533672
533673
533674
533675
533676
533677
533678
533679
533680
533681
533682
533683
533684
533685
533686
533687
533688
533689
533690
533691
533692
533693
533694
533695
533696
533697
533698
533699
2017-02-28 16:18 Refreshing browser
533700
533701
533702
533703
533704
533705
533706
533707
533708
533709
533710
533711
533712
533713
533714
533715
533716
533717
533718
533719
533720
533721
533722
533723
533724
533725
533726
533727
533728
533729
533730
533731
533732
533733
533734
533735
533736
533737
533738
533739
533740
533741
533742
533743
533744
533745
533746
533747
533748
533749
2017-02-28 16:22 Refreshing browser
533750
533751
533752
533753
533754
533755
533756
533757
533758
533759
533760
533761
533762
533763
533764
533765
533766
533767
533768
533769
533770
533771
533772
533773
533774
533775
533776
533777
533778
533779
533780
533781
533782
533783
533784
533785
533786
533787
533788
533789
533790
533791
533792
533793
533794
533795
533796
533797
533798
533799
2017-02-28 16:26 Refreshing browser
533800
533801
533802
533803
533804
533805
533806
533807
533808
533809
533810
533811
533812
533813
533814
533815
533816
533817
533818
533819
533820
533821
533822
533823
533824
533825
533826
533827
533828
533829
533830
533831
533832
533833
533834
533835
533836
533837
533838
533839
533840
533841
533842
533843
533844
533845
533846
533847
533848
533849
2017-02-28 16:30 Refreshing browser
533850
533851
533852
533853
533854
533855
533856
533857
533858
533859
533860
533861
533862
533863
533864
533865
533866
533867
533868
533869
533870
533871
533872
533873
533874
533875
533876
533877
533878
533879
533880
533881
533882
533883
533884
533885
533886
533887
533888
533889
533890
533891
533892
533893
533894
533895
533896
533897
533898
533899
2017-02-28 16:34 Refreshing browser
533900
533901
533902
533903
533904
533905
533906
533907
533908
533909
533910
533911
533912
533913
533914
533915
533916
533917
533918
533919
533920
533921
533922
533923
533924
533925
533926
533927
533928
533929
533930
533931
533932
533933
533934
533935
533936
533937
533938
533939
533940
533941
533942
533943
533944
533945
533946
533947
533948
533949
2017-02-28 16:38 Refreshing browser
533950
533951
533952
533953
533954
533955
533956
533957
533958
533959
533960
533961
533962
533963
533964
533965
533966
533967
533968
533969
533970
533971
533972
533973
533974
533975
533976
533977
533978
533979
533980
533981
533982
533983
533984
533985
533986
533987
533988
533989
533990
533991
533992
533993
533994
533995
533996
533997
533998
533999
2017-02-28 16:42 Refreshing browser
534000
534001
534002
534003
534004
534005
534006
534007
534008
534009
534010
534011
534012
534013
534014
534015
534016
534017
534018
534019
534020
534021
534022
534023
534024
534025
534026
534027
534028
534029
534030
534031
534032
534033
534034
534035
534036
534037
534038
534039
534040
534041
534042
534043
534044
534045
534046
534047
534048
534049
2017-02-28 16:46 Refreshing browser
534050
534051
534052
534053
534054
534055
534056
534057
534058
534059
534060
534061
534062
534063
534064
534065
534066
534067
534068
534069
534070
534071
534072
534073
534074
534075
534076
534077
534078
534079
534080
534081
534082
534083
534084
534085
534086
534087
534088
534089
534090
534091
534092
534093
534094
534095
534096
534097
534098
534099
2017-02-28 16:50 Refreshing browser
534100
534101
534102
534103
534104
534105
534106
534107
534108
534109
534110
534111
534112
534113
534114
534115
534116
534117
534118
534119
534120
534121
534122
534123
534124
534125
534126
534127
534128
534129
534130
534131
534132
534133
534134
534135
534136
534137
534138
534139
534140
534141
534142
534143
534144
534145
534146
534147
534148
534149
2017-02-28 16:54 Refreshing browser
534150
534151
534152
534153
534154
534155
534156
534157
534158
534159
534160
534161
534162
534163
534164
534165
534166
534167
534168
534169
534170
534171
534172
534173
534174
534175
534176
534177
534178
534179
534180
534181
534182
534183
534184
534185
534186
534187
534188
534189
534190
534191
534192
534193
534194
534195
534196
534197
534198
534199
2017-02-28 16:58 Refreshing browser
534200
534201
534202
534203
534204
534205
534206
534207
534208
534209
534210
534211
534212
534213
534214
534215
534216
534217
534218
534219
534220
534221
534222
534223
534224
534225
534226
534227
534228
534229
534230
534231
534232
534233
534234
534235
534236
534237
534238
534239
534240
534241
534242
534243
534244
534245
534246
534247
534248
534249
2017-02-28 17:02 Refreshing browser
534250
534251
534252
534253
534254
534255
534256
534257
534258
534259
