From 300001 to 400000
2017-02-22 10:47 Start
 Resuming work
2017-02-22 10:47 Refreshing browser
367200
367201
367202
367203
367204
367205
367206
367207
367208
367209
367210
367211
367212
367213
367214
367215
367216
367217
367218
367219
367220
367221
367222
367223
367224
367225
367226
367227
367228
367229
367230
367231
367232
367233
367234
367235
367236
367237
367238
367239
367240
367241
367242
367243
367244
367245
367246
367247
367248
367249
2017-02-22 10:51 Refreshing browser
367250
367251
367252
367253
367254
367255
367256
367257
367258
367259
367260
367261
367262
367263
367264
367265
367266
367267
367268
367269
367270
367271
367272
367273
367274
367275
367276
367277
367278
367279
367280
367281
367282
367283
367284
367285
367286
367287
367288
367289
367290
367291
367292
367293
367294
367295
367296
367297
367298
367299
2017-02-22 10:55 Refreshing browser
367300
367301
367302
367303
367304
367305
367306
367307
367308
367309
367310
367311
367312
367313
367314
367315
367316
367317
367318
367319
367320
367321
367322
367323
367324
367325
367326
367327
367328
367329
367330
367331
367332
367333
367334
367335
367336
367337
367338
367339
367340
367341
367342
367343
367344
367345
367346
367347
367348
367349
2017-02-22 10:59 Refreshing browser
367350
367351
367352
367353
367354
367355
367356
367357
367358
367359
367360
367361
367362
367363
367364
367365
367366
367367
367368
367369
367370
367371
367372
367373
367374
367375
367376
367377
367378
367379
367380
367381
367382
367383
367384
367385
367386
367387
367388
367389
367390
367391
367392
367393
367394
367395
367396
367397
367398
367399
2017-02-22 11:03 Refreshing browser
367400
367401
367402
367403
367404
367405
367406
367407
367408
367409
367410
367411
367412
367413
367414
367415
367416
367417
367418
367419
367420
367421
367422
367423
367424
367425
367426
367427
367428
367429
367430
367431
367432
367433
367434
367435
367436
367437
367438
367439
367440
367441
367442
367443
367444
367445
367446
367447
367448
367449
2017-02-22 11:07 Refreshing browser
367450
367451
367452
367453
367454
367455
367456
367457
367458
367459
367460
367461
367462
367463
367464
367465
367466
367467
367468
367469
367470
367471
367472
367473
367474
367475
367476
367477
367478
367479
367480
367481
367482
367483
367484
367485
367486
367487
367488
367489
367490
367491
367492
367493
367494
367495
367496
367497
367498
367499
2017-02-22 11:11 Refreshing browser
367500
367501
367502
367503
367504
367505
367506
367507
367508
367509
367510
367511
367512
367513
367514
367515
367516
367517
367518
367519
367520
367521
367522
367523
367524
367525
367526
367527
367528
367529
367530
367531
367532
367533
367534
367535
367536
367537
367538
367539
367540
367541
367542
367543
367544
367545
367546
367547
367548
367549
2017-02-22 11:16 Refreshing browser
367550
367551
367552
367553
367554
367555
367556
367557
367558
367559
367560
367561
367562
367563
367564
367565
367566
367567
367568
367569
367570
367571
367572
367573
367574
367575
367576
367577
367578
367579
367580
367581
367582
367583
367584
367585
367586
367587
367588
367589
367590
367591
367592
367593
367594
367595
367596
367597
367598
367599
2017-02-22 11:20 Refreshing browser
367600
367601
367602
367603
367604
367605
367606
367607
367608
367609
367610
367611
367612
367613
367614
367615
367616
367617
367618
367619
367620
367621
367622
367623
367624
367625
367626
367627
367628
367629
367630
367631
367632
367633
367634
367635
367636
367637
367638
367639
367640
367641
367642
367643
367644
367645
367646
367647
367648
367649
2017-02-22 11:24 Refreshing browser
367650
367651
367652
367653
367654
367655
367656
367657
367658
367659
367660
367661
367662
367663
367664
367665
367666
367667
367668
367669
367670
367671
367672
367673
367674
367675
367676
367677
367678
367679
367680
367681
367682
367683
367684
367685
367686
367687
367688
367689
367690
367691
367692
367693
367694
367695
367696
367697
367698
367699
2017-02-22 11:28 Refreshing browser
367700
367701
367702
367703
367704
367705
367706
367707
367708
367709
367710
367711
367712
367713
367714
367715
367716
367717
367718
367719
367720
367721
367722
367723
367724
367725
367726
367727
367728
367729
367730
367731
367732
367733
367734
367735
367736
367737
367738
367739
367740
367741
367742
367743
367744
367745
367746
367747
367748
367749
2017-02-22 11:32 Refreshing browser
367750
367751
367752
367753
367754
367755
367756
367757
367758
367759
367760
367761
367762
367763
367764
367765
367766
367767
367768
367769
367770
367771
367772
367773
367774
367775
367776
367777
367778
367779
367780
367781
367782
367783
367784
367785
367786
367787
367788
367789
367790
367791
367792
367793
367794
367795
367796
367797
367798
367799
2017-02-22 11:36 Refreshing browser
367800
367801
367802
367803
367804
367805
367806
367807
367808
367809
367810
367811
367812
367813
367814
367815
367816
367817
367818
367819
367820
367821
367822
367823
367824
367825
367826
367827
367828
367829
367830
367831
367832
367833
367834
367835
367836
367837
367838
367839
367840
367841
367842
367843
367844
367845
367846
367847
367848
367849
2017-02-22 11:40 Refreshing browser
367850
367851
367852
367853
367854
367855
367856
367857
367858
367859
367860
367861
367862
367863
367864
367865
367866
367867
367868
367869
367870
367871
367872
367873
367874
367875
367876
367877
367878
367879
367880
367881
367882
367883
367884
367885
367886
367887
367888
367889
367890
367891
367892
367893
367894
367895
367896
367897
367898
367899
2017-02-22 11:44 Refreshing browser
367900
367901
367902
367903
367904
367905
367906
367907
367908
367909
367910
367911
367912
367913
367914
367915
367916
367917
367918
367919
367920
367921
367922
367923
367924
367925
367926
367927
367928
367929
367930
367931
367932
367933
367934
367935
367936
367937
367938
367939
367940
367941
367942
367943
367944
367945
367946
367947
367948
367949
2017-02-22 11:48 Refreshing browser
367950
367951
367952
367953
367954
367955
367956
367957
367958
367959
367960
367961
367962
367963
367964
367965
367966
367967
367968
367969
367970
367971
367972
367973
367974
367975
367976
367977
367978
367979
367980
367981
367982
367983
367984
367985
367986
367987
367988
367989
367990
367991
367992
367993
367994
367995
367996
367997
367998
367999
2017-02-22 11:52 Refreshing browser
368000
368001
368002
368003
368004
368005
368006
368007
368008
368009
368010
368011
368012
368013
368014
368015
368016
368017
368018
368019
368020
368021
368022
368023
368024
368025
368026
368027
368028
368029
368030
368031
368032
368033
368034
368035
368036
368037
368038
368039
368040
368041
368042
368043
368044
368045
368046
368047
368048
368049
2017-02-22 11:57 Refreshing browser
368050
368051
368052
368053
368054
368055
368056
368057
368058
368059
368060
368061
368062
368063
368064
368065
368066
368067
368068
368069
368070
368071
368072
368073
368074
368075
368076
368077
368078
368079
368080
368081
368082
368083
368084
368085
368086
368087
368088
368089
368090
368091
368092
368093
368094
368095
368096
368097
368098
368099
2017-02-22 12:01 Refreshing browser
368100
368101
368102
368103
368104
368105
368106
368107
368108
368109
368110
368111
368112
368113
368114
368115
368116
368117
368118
368119
368120
368121
368122
368123
368124
368125
368126
368127
368128
368129
368130
368131
368132
368133
368134
368135
368136
368137
368138
368139
368140
368141
368142
368143
368144
368145
368146
368147
368148
368149
2017-02-22 12:05 Refreshing browser
368150
368151
368152
368153
368154
368155
368156
368157
368158
368159
368160
368161
368162
368163
368164
368165
368166
368167
368168
368169
368170
368171
368172
368173
368174
368175
368176
368177
368178
368179
368180
368181
368182
368183
368184
368185
368186
368187
368188
368189
368190
368191
368192
368193
368194
368195
368196
368197
368198
368199
2017-02-22 12:09 Refreshing browser
368200
368201
368202
368203
368204
368205
368206
368207
368208
368209
368210
368211
368212
368213
368214
368215
368216
368217
368218
368219
368220
368221
368222
368223
368224
368225
368226
368227
368228
368229
368230
368231
368232
368233
368234
368235
368236
368237
368238
368239
368240
368241
368242
368243
368244
368245
368246
368247
368248
368249
2017-02-22 12:13 Refreshing browser
368250
368251
368252
368253
368254
368255
368256
368257
368258
368259
368260
368261
368262
368263
368264
368265
368266
368267
368268
368269
368270
368271
368272
368273
368274
368275
368276
368277
368278
368279
368280
368281
368282
368283
368284
368285
368286
368287
368288
368289
368290
368291
368292
368293
368294
368295
368296
368297
368298
368299
2017-02-22 12:18 Refreshing browser
368300
368301
368302
368303
368304
368305
368306
368307
368308
368309
368310
368311
368312
368313
368314
368315
368316
368317
368318
368319
368320
368321
368322
368323
368324
368325
368326
368327
368328
368329
368330
368331
368332
368333
368334
368335
368336
368337
368338
368339
368340
368341
368342
368343
368344
368345
368346
368347
368348
368349
2017-02-22 12:22 Refreshing browser
368350
368351
368352
368353
368354
368355
368356
368357
368358
368359
368360
368361
368362
368363
368364
