From 500001 to 592610
2017-02-28 17:11 Start
 Resuming work
534259
534260
534261
534262
534263
534264
534265
534266
534267
534268
534269
534270
534271
534272
534273
534274
534275
534276
534277
534278
534279
534280
534281
534282
534283
534284
534285
534286
534287
534288
534289
534290
534291
534292
534293
534294
534295
534296
534297
534298
534299
2017-02-28 17:14 Refreshing browser
534300
534301
534302
534303
534304
534305
534306
534307
534308
534309
534310
534311
534312
534313
534314
534315
534316
534317
534318
534319
534320
534321
534322
534323
534324
534325
534326
534327
534328
534329
534330
534331
534332
534333
534334
534335
534336
534337
534338
534339
534340
534341
534342
534343
534344
534345
534346
534347
534348
534349
2017-02-28 17:18 Refreshing browser
534350
534351
534352
534353
534354
534355
534356
534357
534358
534359
534360
534361
534362
534363
534364
534365
534366
534367
534368
534369
534370
534371
534372
534373
534374
534375
534376
534377
534378
534379
534380
534381
534382
534383
534384
534385
534386
534387
534388
534389
534390
534391
534392
534393
534394
534395
534396
534397
534398
534399
2017-02-28 17:22 Refreshing browser
534400
534401
534402
534403
534404
534405
534406
534407
534408
534409
534410
534411
534412
534413
534414
534415
534416
534417
534418
534419
534420
534421
534422
534423
534424
534425
534426
534427
534428
534429
534430
534431
534432
534433
534434
534435
534436
534437
534438
534439
534440
534441
534442
534443
534444
534445
534446
534447
534448
534449
2017-02-28 17:26 Refreshing browser
534450
534451
534452
534453
534454
534455
534456
534457
534458
534459
534460
534461
534462
534463
534464
534465
534466
534467
534468
534469
534470
534471
534472
534473
534474
534475
534476
534477
534478
534479
534480
534481
534482
534483
534484
534485
534486
534487
534488
534489
534490
534491
534492
534493
534494
534495
534496
534497
534498
534499
2017-02-28 17:30 Refreshing browser
534500
534501
534502
534503
534504
534505
534506
534507
534508
534509
534510
534511
534512
534513
534514
534515
534516
534517
534518
534519
534520
534521
534522
534523
534524
534525
534526
534527
534528
534529
534530
534531
534532
534533
534534
534535
534536
534537
534538
534539
534540
534541
534542
534543
534544
534545
534546
534547
534548
534549
2017-02-28 17:34 Refreshing browser
534550
534551
534552
534553
534554
534555
534556
534557
534558
534559
534560
534561
534562
534563
534564
534565
534566
534567
534568
534569
534570
534571
534572
534573
534574
534575
534576
534577
534578
534579
534580
534581
534582
534583
534584
534585
534586
534587
534588
534589
534590
534591
534592
534593
534594
534595
534596
534597
534598
534599
2017-02-28 17:38 Refreshing browser
534600
534601
534602
534603
534604
534605
534606
534607
534608
534609
534610
534611
534612
534613
534614
534615
534616
534617
534618
534619
534620
534621
534622
534623
534624
534625
534626
534627
534628
534629
534630
534631
534632
534633
534634
534635
534636
534637
534638
534639
534640
534641
534642
534643
534644
534645
534646
534647
534648
534649
2017-02-28 17:42 Refreshing browser
534650
534651
534652
534653
534654
534655
534656
534657
534658
534659
534660
534661
534662
534663
534664
534665
534666
534667
534668
534669
534670
534671
534672
534673
534674
534675
534676
534677
534678
534679
534680
534681
534682
534683
534684
534685
534686
534687
534688
534689
534690
534691
534692
534693
534694
534695
534696
534697
534698
534699
2017-02-28 17:46 Refreshing browser
