From 300001 to 400000
2017-02-21 12:06 Start
 Resuming work
361795
361796
361797
361798
361799
2017-02-21 12:06 Refreshing browser
361800
361801
361802
361803
361804
361805
361806
361807
361808
361809
361810
361811
361812
361813
361814
361815
361816
361817
361818
361819
361820
361821
361822
361823
361824
361825
361826
361827
361828
361829
361830
361831
361832
361833
361834
361835
361836
361837
361838
361839
361840
361841
361842
361843
361844
361845
361846
361847
361848
361849
2017-02-21 12:10 Refreshing browser
361850
361851
361852
361853
361854
361855
361856
361857
361858
361859
361860
361861
361862
361863
361864
361865
361866
361867
361868
361869
361870
361871
361872
361873
361874
361875
361876
361877
361878
361879
361880
361881
361882
361883
361884
361885
361886
361887
361888
361889
361890
361891
361892
361893
361894
361895
361896
361897
361898
361899
2017-02-21 12:14 Refreshing browser
361900
361901
361902
361903
361904
361905
361906
361907
361908
361909
361910
361911
361912
361913
361914
361915
361916
361917
361918
361919
361920
361921
361922
361923
361924
361925
361926
361927
361928
361929
361930
361931
361932
361933
361934
361935
361936
361937
361938
361939
361940
361941
361942
361943
361944
361945
361946
361947
361948
361949
2017-02-21 12:19 Refreshing browser
361950
361951
361952
361953
361954
361955
361956
361957
361958
361959
361960
361961
361962
361963
361964
361965
361966
361967
361968
361969
361970
361971
361972
361973
361974
361975
361976
361977
361978
361979
361980
361981
361982
361983
361984
361985
361986
361987
361988
361989
361990
361991
361992
361993
361994
361995
361996
361997
361998
361999
2017-02-21 12:23 Refreshing browser
362000
362001
362002
362003
362004
362005
362006
362007
362008
362009
362010
362011
362012
362013
362014
362015
362016
362017
362018
362019
362020
362021
362022
362023
362024
362025
362026
362027
362028
362029
362030
362031
362032
362033
362034
362035
362036
362037
362038
362039
362040
362041
362042
362043
362044
362045
362046
362047
362048
362049
2017-02-21 12:27 Refreshing browser
362050
362051
362052
362053
362054
362055
362056
362057
362058
362059
362060
362061
362062
362063
362064
362065
362066
362067
362068
362069
362070
362071
362072
362073
362074
362075
362076
362077
362078
362079
362080
362081
362082
362083
362084
362085
362086
362087
362088
362089
362090
362091
362092
362093
362094
362095
362096
362097
362098
362099
2017-02-21 12:31 Refreshing browser
362100
362101
362102
362103
362104
362105
362106
362107
362108
362109
362110
362111
362112
362113
362114
362115
362116
362117
362118
362119
362120
362121
362122
362123
362124
362125
362126
362127
362128
362129
362130
362131
362132
362133
362134
362135
362136
362137
362138
362139
362140
362141
362142
362143
362144
362145
362146
362147
362148
362149
2017-02-21 12:35 Refreshing browser
362150
362151
362152
362153
362154
362155
362156
362157
362158
362159
362160
362161
362162
362163
362164
362165
362166
362167
362168
362169
362170
362171
362172
362173
362174
362175
362176
362177
362178
362179
362180
362181
362182
362183
362184
362185
362186
362187
362188
362189
362190
362191
362192
362193
362194
362195
362196
362197
362198
362199
2017-02-21 12:39 Refreshing browser
362200
362201
362202
362203
362204
362205
362206
362207
362208
362209
362210
362211
362212
362213
362214
362215
362216
362217
362218
362219
362220
362221
362222
362223
362224
362225
362226
362227
362228
362229
362230
362231
362232
362233
362234
362235
362236
362237
362238
362239
362240
362241
362242
362243
362244
362245
362246
362247
362248
362249
2017-02-21 12:43 Refreshing browser
362250
362251
362252
362253
362254
362255
362256
362257
362258
362259
362260
362261
362262
362263
362264
362265
362266
362267
362268
362269
362270
362271
362272
362273
362274
362275
362276
362277
362278
362279
362280
362281
362282
362283
362284
362285
362286
362287
362288
362289
362290
362291
362292
362293
362294
362295
362296
362297
362298
362299
2017-02-21 12:47 Refreshing browser
362300
362301
362302
362303
362304
362305
362306
362307
362308
362309
362310
362311
362312
362313
362314
362315
362316
362317
362318
362319
362320
362321
362322
362323
362324
362325
362326
362327
362328
362329
362330
362331
362332
362333
362334
362335
362336
362337
362338
362339
362340
362341
362342
362343
362344
362345
362346
362347
362348
362349
2017-02-21 12:51 Refreshing browser
362350
362351
362352
362353
362354
362355
362356
362357
362358
362359
362360
362361
362362
362363
362364
362365
362366
362367
362368
362369
362370
362371
362372
362373
362374
362375
362376
362377
362378
362379
362380
362381
362382
362383
362384
362385
362386
362387
362388
362389
362390
362391
362392
362393
362394
362395
362396
362397
362398
362399
2017-02-21 12:55 Refreshing browser
362400
362401
362402
362403
362404
362405
362406
362407
362408
362409
362410
362411
362412
362413
362414
362415
362416
362417
362418
362419
362420
362421
362422
362423
362424
362425
362426
362427
362428
362429
362430
362431
362432
362433
362434
362435
362436
362437
362438
362439
362440
362441
362442
362443
362444
362445
362446
362447
362448
362449
2017-02-21 12:59 Refreshing browser
362450
362451
362452
362453
362454
362455
362456
362457
362458
362459
362460
362461
362462
362463
362464
362465
362466
362467
362468
362469
362470
362471
362472
362473
362474
362475
362476
362477
362478
362479
362480
362481
362482
362483
362484
362485
362486
362487
362488
362489
362490
362491
362492
362493
362494
362495
362496
362497
362498
362499
2017-02-21 13:03 Refreshing browser
362500
362501
362502
362503
362504
362505
362506
362507
362508
362509
362510
362511
362512
362513
362514
362515
362516
362517
362518
362519
362520
362521
362522
362523
362524
362525
362526
362527
362528
362529
362530
362531
362532
362533
362534
362535
362536
362537
362538
362539
362540
362541
362542
362543
362544
362545
362546
362547
362548
362549
2017-02-21 13:07 Refreshing browser
362550
362551
362552
362553
362554
362555
362556
362557
362558
362559
362560
362561
362562
362563
362564
362565
362566
362567
362568
362569
362570
362571
362572
362573
362574
362575
362576
362577
362578
362579
362580
362581
362582
362583
362584
362585
362586
362587
362588
362589
362590
362591
362592
362593
362594
362595
362596
362597
362598
362599
2017-02-21 13:11 Refreshing browser
362600
362601
362602
362603
362604
362605
362606
362607
362608
362609
362610
362611
362612
362613
362614
362615
362616
362617
362618
362619
362620
362621
362622
362623
362624
362625
362626
362627
362628
362629
362630
362631
362632
362633
362634
362635
362636
362637
362638
362639
362640
362641
362642
362643
362644
362645
362646
362647
362648
362649
2017-02-21 13:16 Refreshing browser
362650
362651
362652
362653
362654
362655
362656
362657
362658
362659
362660
362661
362662
362663
362664
362665
362666
362667
362668
362669
362670
362671
362672
362673
362674
362675
362676
362677
362678
362679
362680
362681
362682
362683
362684
362685
362686
362687
362688
362689
362690
362691
362692
362693
362694
362695
362696
362697
362698
362699
2017-02-21 13:20 Refreshing browser
362700
362701
362702
362703
362704
362705
362706
362707
362708
362709
362710
362711
362712
362713
362714
362715
362716
362717
362718
362719
362720
362721
362722
362723
362724
362725
362726
362727
362728
362729
362730
362731
362732
362733
362734
362735
362736
362737
362738
362739
362740
362741
362742
362743
362744
362745
362746
362747
362748
362749
2017-02-21 13:24 Refreshing browser
362750
362751
362752
362753
362754
362755
362756
362757
362758
362759
362760
362761
362762
362763
362764
362765
362766
362767
362768
362769
362770
362771
362772
362773
362774
362775
362776
362777
362778
362779
362780
362781
362782
362783
362784
362785
362786
362787
362788
362789
362790
362791
362792
362793
362794
362795
362796
362797
362798
362799
2017-02-21 13:28 Refreshing browser
362800
362801
362802
362803
362804
362805
362806
362807
362808
362809
362810
362811
362812
362813
362814
362815
362816
362817
362818
362819
362820
362821
362822
362823
362824
362825
362826
362827
362828
362829
362830
362831
362832
362833
362834
362835
362836
362837
362838
362839
362840
362841
362842
362843
362844
362845
362846
362847
362848
362849
2017-02-21 13:32 Refreshing browser
362850
362851
362852
362853
362854
362855
362856
362857
362858
362859
362860
362861
362862
362863
362864
362865
362866
362867
362868
362869
362870
362871
362872
362873
362874
362875
362876
362877
362878
362879
362880
362881
362882
362883
362884
362885
362886
362887
362888
362889
362890
362891
362892
362893
362894
362895
362896
362897
362898
362899
2017-02-21 13:36 Refreshing browser
362900
362901
362902
362903
362904
362905
362906
362907
362908
362909
362910
362911
362912
362913
362914
362915
362916
362917
362918
362919
362920
362921
362922
362923
362924
362925
362926
362927
362928
362929
362930
362931
362932
362933
362934
362935
362936
362937
362938
362939
362940
362941
362942
362943
362944
362945
362946
362947
362948
362949
2017-02-21 13:41 Refreshing browser
362950
362951
362952
362953
362954
362955
362956
362957
362958
362959
362960
362961
362962
362963
362964
362965
362966
362967
362968
362969
362970
362971
362972
362973
362974
362975
362976
362977
362978
362979
362980
362981
362982
362983
362984
362985
362986
362987
362988
362989
362990
362991
362992
362993
362994
362995
362996
362997
362998
362999
2017-02-21 13:45 Refreshing browser
363000
363001
363002
363003
363004
363005
363006
363007
363008
363009
363010
363011
363012
363013
363014
363015
363016
363017
363018
363019
363020
363021
363022
363023
363024
363025
363026
363027
363028
363029
363030
363031
363032
363033
363034
363035
363036
363037
363038
363039
363040
363041
363042
363043
363044
363045
363046
363047
363048
363049
2017-02-21 13:49 Refreshing browser
363050
363051
363052
363053
363054
363055
363056
363057
363058
363059
363060
363061
363062
363063
363064
363065
363066
363067
363068
363069
363070
363071
363072
363073
363074
363075
363076
363077
363078
363079
363080
363081
363082
363083
363084
363085
363086
363087
363088
363089
363090
363091
363092
363093
363094
363095
363096
363097
363098
363099
2017-02-21 13:53 Refreshing browser
363100
363101
363102
363103
363104
363105
363106
363107
363108
363109
363110
363111
363112
363113
363114
363115
363116
363117
363118
363119
363120
363121
363122
363123
363124
363125
363126
363127
363128
363129
363130
363131
363132
363133
363134
363135
363136
363137
363138
363139
363140
363141
363142
363143
363144
363145
363146
363147
363148
363149
2017-02-21 13:58 Refreshing browser
363150
363151
363152
363153
363154
363155
363156
363157
363158
363159
363160
363161
363162
363163
363164
363165
363166
363167
363168
363169
363170
363171
363172
363173
363174
363175
363176
363177
363178
363179
363180
363181
363182
363183
363184
363185
363186
363187
363188
363189
363190
363191
363192
363193
363194
363195
363196
363197
363198
363199
2017-02-21 14:02 Refreshing browser
363200
363201
363202
363203
363204
363205
363206
363207
363208
363209
363210
363211
363212
363213
363214
363215
363216
363217
363218
363219
363220
363221
363222
363223
363224
363225
363226
363227
363228
363229
363230
363231
363232
363233
363234
363235
363236
363237
363238
363239
363240
363241
363242
363243
363244
363245
363246
363247
363248
363249
2017-02-21 14:06 Refreshing browser
363250
363251
363252
363253
363254
363255
363256
363257
363258
363259
363260
363261
363262
363263
363264
363265
363266
363267
363268
363269
363270
363271
363272
363273
363274
363275
363276
363277
363278
363279
363280
363281
363282
363283
363284
363285
363286
363287
363288
363289
363290
363291
363292
363293
363294
363295
363296
363297
363298
363299
2017-02-21 14:10 Refreshing browser
363300
363301
363302
363303
363304
363305
363306
363307
363308
363309
363310
363311
363312
363313
363314
363315
363316
363317
363318
363319
363320
363321
363322
363323
363324
363325
363326
363327
363328
363329
363330
363331
363332
363333
363334
363335
363336
363337
363338
363339
363340
363341
363342
363343
363344
363345
363346
363347
363348
363349
2017-02-21 14:14 Refreshing browser
363350
363351
363352
363353
363354
363355
363356
363357
363358
363359
363360
363361
363362
363363
363364
363365
363366
363367
363368
363369
363370
363371
363372
363373
363374
363375
363376
363377
363378
363379
363380
363381
363382
363383
363384
363385
363386
363387
363388
363389
363390
363391
363392
363393
363394
363395
363396
363397
363398
363399
2017-02-21 14:18 Refreshing browser
363400
363401
363402
363403
363404
363405
363406
363407
363408
363409
363410
363411
363412
363413
363414
363415
363416
363417
363418
363419
363420
363421
363422
363423
363424
363425
363426
363427
363428
363429
363430
363431
363432
363433
363434
363435
363436
363437
363438
363439
363440
363441
363442
363443
363444
363445
363446
363447
363448
363449
2017-02-21 14:22 Refreshing browser
363450
363451
363452
363453
363454
363455
363456
363457
363458
363459
363460
363461
363462
363463
363464
363465
363466
363467
363468
363469
363470
363471
363472
363473
363474
363475
363476
363477
363478
363479
363480
363481
363482
363483
363484
363485
363486
363487
363488
363489
363490
363491
363492
363493
363494
363495
363496
363497
363498
363499
2017-02-21 14:26 Refreshing browser
363500
363501
363502
363503
363504
363505
363506
363507
363508
363509
363510
363511
363512
363513
363514
363515
363516
363517
363518
363519
363520
363521
363522
363523
363524
363525
363526
363527
363528
363529
363530
363531
363532
363533
363534
363535
363536
363537
363538
363539
363540
363541
363542
363543
363544
363545
363546
363547
363548
363549
2017-02-21 14:30 Refreshing browser
363550
363551
363552
363553
363554
363555
363556
363557
363558
363559
363560
363561
363562
363563
363564
363565
363566
363567
363568
363569
363570
363571
363572
363573
363574
363575
363576
363577
363578
363579
363580
363581
363582
363583
363584
363585
363586
363587
363588
363589
363590
363591
363592
363593
363594
363595
363596
363597
363598
363599
2017-02-21 14:34 Refreshing browser
363600
363601
363602
363603
363604
363605
363606
363607
363608
363609
363610
363611
363612
363613
363614
363615
363616
363617
363618
363619
363620
363621
363622
363623
363624
363625
363626
363627
363628
363629
363630
363631
363632
363633
363634
363635
363636
363637
363638
363639
363640
363641
363642
363643
363644
363645
363646
363647
363648
363649
2017-02-21 14:39 Refreshing browser
363650
363651
363652
363653
363654
363655
363656
363657
363658
363659
363660
363661
363662
363663
363664
363665
363666
363667
363668
363669
363670
363671
363672
363673
363674
363675
363676
363677
363678
363679
363680
363681
363682
363683
363684
363685
363686
363687
363688
363689
363690
363691
363692
363693
363694
363695
363696
363697
363698
363699
2017-02-21 14:43 Refreshing browser
363700
363701
363702
363703
363704
363705
363706
363707
363708
363709
363710
363711
363712
363713
363714
363715
363716
363717
363718
363719
363720
363721
363722
363723
363724
363725
363726
363727
363728
363729
363730
363731
363732
363733
363734
363735
363736
363737
363738
363739
363740
363741
363742
363743
363744
363745
363746
363747
363748
363749
2017-02-21 14:47 Refreshing browser
363750
363751
363752
363753
363754
363755
363756
363757
363758
363759
363760
363761
363762
363763
363764
363765
363766
363767
363768
363769
363770
363771
363772
363773
363774
363775
363776
363777
363778
363779
363780
363781
363782
363783
363784
363785
363786
363787
363788
363789
363790
363791
363792
363793
363794
363795
363796
363797
363798
363799
2017-02-21 14:51 Refreshing browser
363800
363801
363802
363803
363804
363805
363806
363807
363808
363809
363810
363811
363812
363813
363814
363815
363816
363817
363818
363819
363820
363821
363822
363823
363824
363825
363826
363827
363828
363829
363830
363831
363832
363833
363834
363835
363836
363837
363838
363839
363840
363841
363842
363843
363844
363845
363846
363847
363848
363849
2017-02-21 14:55 Refreshing browser
363850
363851
363852
363853
363854
363855
363856
363857
363858
363859
363860
363861
363862
363863
363864
363865
363866
363867
363868
363869
363870
363871
363872
363873
363874
363875
363876
363877
363878
363879
363880
363881
363882
363883
363884
363885
363886
363887
363888
363889
363890
363891
363892
363893
363894
363895
363896
363897
363898
363899
2017-02-21 14:59 Refreshing browser
363900
363901
363902
363903
363904
363905
363906
363907
363908
363909
363910
363911
363912
363913
363914
363915
363916
363917
363918
363919
363920
363921
363922
363923
363924
363925
363926
363927
363928
363929
363930
363931
363932
363933
363934
363935
363936
363937
363938
363939
363940
363941
363942
363943
363944
363945
363946
363947
363948
363949
2017-02-21 15:03 Refreshing browser
363950
363951
363952
363953
363954
363955
363956
363957
363958
363959
363960
363961
363962
363963
363964
363965
363966
363967
363968
363969
363970
363971
363972
363973
363974
363975
363976
363977
363978
363979
363980
363981
363982
363983
363984
363985
363986
363987
363988
363989
363990
363991
363992
363993
363994
363995
363996
363997
363998
363999
2017-02-21 15:07 Refreshing browser
364000
364001
364002
364003
364004
364005
364006
364007
364008
364009
364010
364011
364012
364013
364014
364015
364016
364017
364018
364019
364020
364021
364022
364023
364024
364025
364026
364027
364028
364029
364030
364031
364032
364033
364034
364035
364036
364037
364038
364039
364040
364041
364042
364043
364044
364045
364046
364047
364048
364049
2017-02-21 15:11 Refreshing browser
364050
364051
364052
364053
364054
364055
364056
364057
364058
364059
364060
364061
364062
364063
364064
364065
364066
364067
364068
364069
364070
364071
364072
364073
364074
364075
364076
364077
364078
364079
364080
364081
364082
364083
364084
364085
364086
364087
364088
364089
364090
364091
364092
364093
364094
364095
364096
364097
364098
364099
2017-02-21 15:16 Refreshing browser
364100
364101
364102
364103
364104
364105
364106
364107
364108
364109
364110
364111
364112
364113
364114
364115
364116
364117
364118
364119
364120
364121
364122
364123
364124
364125
364126
364127
364128
364129
364130
364131
364132
364133
364134
364135
364136
364137
364138
364139
364140
364141
364142
364143
364144
364145
364146
364147
364148
364149
2017-02-21 15:20 Refreshing browser
364150
364151
364152
364153
364154
364155
364156
364157
364158
364159
364160
364161
364162
364163
364164
364165
364166
364167
364168
364169
364170
364171
364172
364173
364174
364175
364176
364177
364178
364179
364180
364181
364182
364183
364184
364185
364186
364187
364188
364189
364190
364191
364192
364193
364194
364195
364196
364197
364198
364199
2017-02-21 15:24 Refreshing browser
364200
364201
364202
364203
364204
364205
364206
364207
364208
364209
364210
364211
364212
364213
364214
364215
364216
364217
364218
364219
364220
364221
364222
364223
364224
364225
364226
364227
364228
364229
364230
364231
364232
364233
364234
364235
364236
364237
364238
364239
364240
364241
364242
364243
364244
364245
364246
364247
364248
364249
2017-02-21 15:28 Refreshing browser
364250
364251
364252
364253
364254
364255
364256
364257
364258
364259
364260
364261
364262
364263
364264
364265
364266
364267
364268
364269
364270
364271
364272
364273
364274
364275
364276
364277
364278
364279
364280
364281
364282
364283
364284
364285
364286
364287
364288
364289
364290
364291
364292
364293
364294
364295
364296
364297
364298
364299
2017-02-21 15:32 Refreshing browser
364300
364301
364302
364303
364304
364305
364306
364307
364308
364309
364310
364311
364312
364313
364314
364315
364316
364317
364318
364319
364320
364321
364322
364323
364324
364325
364326
364327
364328
364329
364330
364331
364332
364333
364334
364335
364336
364337
364338
364339
364340
364341
364342
364343
364344
364345
364346
364347
364348
364349
2017-02-21 15:36 Refreshing browser
364350
364351
364352
364353
364354
364355
364356
364357
364358
364359
364360
364361
364362
364363
364364
364365
364366
364367
364368
364369
364370
364371
364372
364373
364374
364375
364376
364377
364378
364379
364380
364381
364382
364383
364384
364385
364386
364387
364388
364389
364390
364391
364392
364393
364394
364395
364396
364397
364398
364399
2017-02-21 15:40 Refreshing browser
364400
364401
364402
364403
364404
364405
364406
364407
364408
364409
364410
364411
364412
364413
364414
364415
364416
364417
364418
364419
364420
364421
364422
364423
364424
364425
364426
364427
364428
364429
364430
364431
364432
364433
364434
364435
364436
364437
364438
364439
364440
364441
364442
364443
364444
364445
364446
364447
364448
364449
2017-02-21 15:45 Refreshing browser
364450
364451
364452
364453
364454
364455
364456
364457
364458
364459
364460
364461
364462
364463
364464
364465
364466
364467
364468
364469
364470
364471
364472
364473
364474
364475
364476
364477
364478
364479
364480
364481
364482
364483
364484
364485
364486
364487
364488
364489
364490
364491
364492
364493
364494
364495
364496
364497
364498
364499
2017-02-21 15:48 Refreshing browser
364500
364501
364502
364503
364504
364505
364506
364507
364508
364509
364510
364511
364512
364513
364514
364515
364516
364517
364518
364519
364520
364521
364522
364523
364524
364525
364526
364527
364528
364529
364530
364531
364532
364533
364534
364535
364536
364537
364538
364539
364540
364541
364542
364543
364544
364545
364546
364547
364548
364549
2017-02-21 15:53 Refreshing browser
364550
364551
364552
364553
364554
364555
364556
364557
364558
364559
364560
364561
364562
364563
364564
364565
364566
364567
364568
364569
364570
364571
364572
364573
364574
364575
364576
364577
364578
364579
364580
364581
364582
364583
364584
364585
364586
364587
364588
364589
364590
364591
364592
364593
364594
364595
364596
364597
364598
364599
2017-02-21 15:57 Refreshing browser
364600
364601
364602
364603
364604
364605
364606
364607
364608
364609
364610
364611
364612
364613
364614
364615
364616
364617
364618
364619
364620
364621
364622
364623
364624
364625
364626
364627
364628
364629
364630
364631
364632
364633
364634
364635
364636
364637
364638
364639
364640
364641
364642
364643
364644
364645
364646
364647
364648
364649
2017-02-21 16:01 Refreshing browser
364650
364651
364652
364653
364654
364655
364656
364657
364658
364659
364660
364661
364662
364663
364664
364665
364666
364667
364668
364669
364670
364671
364672
364673
364674
364675
364676
364677
364678
364679
364680
364681
364682
364683
364684
364685
364686
364687
364688
364689
364690
364691
364692
364693
364694
364695
364696
364697
364698
364699
2017-02-21 16:05 Refreshing browser
364700
364701
364702
364703
364704
364705
364706
364707
364708
364709
364710
364711
364712
364713
364714
364715
364716
364717
364718
364719
364720
364721
364722
364723
364724
364725
364726
364727
364728
364729
364730
364731
364732
364733
364734
364735
364736
364737
364738
364739
364740
364741
364742
364743
364744
364745
364746
364747
364748
364749
2017-02-21 16:09 Refreshing browser
364750
364751
364752
364753
364754
364755
364756
364757
364758
364759
364760
364761
364762
364763
364764
364765
364766
364767
364768
364769
364770
364771
364772
364773
364774
364775
364776
364777
364778
364779
364780
364781
364782
364783
364784
364785
364786
364787
364788
364789
364790
364791
364792
364793
364794
364795
364796
364797
364798
364799
2017-02-21 16:13 Refreshing browser
364800
364801
364802
364803
364804
364805
364806
364807
364808
364809
364810
364811
364812
364813
364814
364815
364816
364817
364818
364819
364820
364821
364822
364823
364824
364825
364826
364827
364828
364829
364830
364831
364832
364833
364834
364835
364836
364837
364838
364839
364840
364841
364842
364843
364844
364845
364846
364847
364848
364849
2017-02-21 16:17 Refreshing browser
364850
364851
364852
364853
364854
364855
364856
364857
364858
364859
364860
364861
364862
364863
364864
364865
364866
364867
364868
364869
364870
364871
364872
364873
364874
364875
364876
364877
364878
364879
364880
364881
364882
364883
364884
364885
364886
364887
364888
364889
364890
364891
364892
364893
364894
364895
364896
364897
364898
364899
2017-02-21 16:22 Refreshing browser
364900
364901
364902
364903
364904
364905
364906
364907
364908
364909
364910
364911
364912
364913
364914
364915
364916
364917
364918
364919
364920
364921
364922
364923
364924
364925
364926
364927
364928
364929
364930
364931
364932
364933
364934
364935
364936
364937
364938
364939
364940
364941
364942
364943
364944
364945
364946
364947
364948
364949
2017-02-21 16:26 Refreshing browser
364950
364951
364952
364953
364954
364955
364956
364957
364958
364959
364960
364961
364962
364963
364964
364965
364966
364967
364968
364969
364970
364971
364972
364973
364974
364975
364976
364977
364978
364979
364980
364981
364982
364983
364984
364985
364986
364987
364988
364989
364990
364991
364992
364993
364994
364995
364996
364997
364998
364999
2017-02-21 16:30 Refreshing browser
365000
365001
365002
365003
365004
365005
365006
365007
365008
365009
365010
365011
365012
365013
365014
365015
365016
365017
365018
365019
365020
365021
365022
365023
365024
365025
365026
365027
365028
365029
365030
365031
365032
365033
365034
365035
365036
365037
365038
365039
365040
365041
365042
365043
365044
365045
365046
365047
365048
365049
2017-02-21 16:34 Refreshing browser
365050
365051
365052
365053
365054
365055
365056
365057
365058
365059
365060
365061
365062
365063
365064
365065
365066
365067
365068
365069
365070
365071
365072
365073
365074
365075
365076
365077
365078
365079
365080
365081
365082
365083
365084
365085
365086
365087
365088
365089
365090
365091
365092
365093
365094
365095
365096
365097
365098
365099
2017-02-21 16:38 Refreshing browser
365100
365101
365102
365103
365104
365105
365106
365107
365108
365109
365110
365111
365112
365113
365114
365115
365116
365117
365118
365119
365120
365121
365122
365123
365124
365125
365126
365127
365128
365129
365130
365131
365132
365133
365134
365135
365136
365137
365138
365139
365140
365141
365142
365143
365144
365145
365146
365147
365148
365149
2017-02-21 16:42 Refreshing browser
365150
365151
365152
365153
365154
365155
365156
365157
365158
365159
365160
365161
365162
365163
365164
365165
365166
365167
365168
365169
365170
365171
365172
365173
365174
365175
365176
365177
365178
365179
365180
365181
365182
365183
365184
365185
365186
365187
365188
365189
365190
365191
365192
365193
365194
365195
365196
365197
365198
365199
2017-02-21 16:46 Refreshing browser
365200
365201
365202
365203
365204
365205
365206
365207
365208
365209
365210
365211
365212
365213
365214
365215
365216
365217
365218
365219
365220
365221
365222
365223
365224
365225
365226
365227
365228
365229
365230
365231
365232
365233
365234
365235
365236
365237
365238
365239
365240
365241
365242
365243
365244
365245
365246
365247
365248
365249
2017-02-21 16:50 Refreshing browser
365250
365251
365252
365253
365254
365255
365256
365257
365258
365259
365260
365261
365262
365263
365264
365265
365266
365267
365268
365269
365270
365271
365272
365273
365274
365275
365276
365277
365278
365279
365280
365281
365282
365283
365284
365285
365286
365287
365288
365289
365290
365291
365292
365293
365294
365295
365296
365297
365298
365299
2017-02-21 16:54 Refreshing browser
365300
365301
365302
365303
365304
365305
365306
365307
365308
365309
365310
365311
365312
365313
365314
365315
365316
365317
365318
365319
365320
365321
365322
365323
365324
365325
365326
365327
365328
365329
365330
365331
365332
365333
365334
365335
365336
365337
365338
365339
365340
365341
365342
365343
365344
365345
365346
365347
365348
365349
2017-02-21 16:58 Refreshing browser
365350
365351
365352
365353
365354
365355
365356
365357
365358
365359
365360
365361
365362
365363
365364
365365
365366
365367
365368
365369
365370
365371
365372
365373
365374
365375
365376
365377
365378
365379
365380
365381
365382
365383
365384
365385
365386
365387
365388
365389
365390
365391
365392
365393
365394
365395
365396
365397
365398
365399
2017-02-21 17:03 Refreshing browser
365400
365401
365402
365403
365404
365405
365406
365407
365408
365409
365410
365411
365412
365413
365414
365415
365416
365417
365418
365419
365420
365421
365422
365423
365424
365425
365426
365427
365428
365429
365430
365431
365432
365433
365434
365435
365436
365437
365438
365439
365440
365441
365442
365443
365444
365445
365446
365447
365448
365449
2017-02-21 17:07 Refreshing browser
365450
365451
365452
365453
365454
365455
365456
365457
365458
365459
365460
365461
365462
365463
365464
365465
365466
365467
365468
365469
365470
365471
365472
365473
365474
365475
365476
365477
365478
365479
365480
365481
365482
365483
365484
365485
365486
365487
365488
365489
365490
365491
365492
365493
365494
365495
365496
365497
365498
365499
2017-02-21 17:11 Refreshing browser
365500
365501
365502
365503
365504
365505
365506
365507
365508
365509
365510
365511
365512
365513
365514
365515
365516
365517
365518
365519
365520
365521
365522
365523
365524
365525
365526
365527
365528
365529
365530
365531
365532
365533
365534
365535
365536
365537
365538
365539
365540
365541
365542
365543
365544
365545
365546
365547
365548
365549
2017-02-21 17:15 Refreshing browser
365550
365551
365552
365553
365554
365555
365556
365557
365558
365559
365560
365561
365562
365563
365564
365565
365566
365567
365568
365569
365570
365571
365572
365573
365574
365575
365576
365577
365578
365579
365580
365581
365582
365583
365584
365585
365586
365587
365588
365589
365590
365591
365592
365593
365594
365595
365596
365597
365598
365599
2017-02-21 17:19 Refreshing browser
365600
365601
365602
365603
365604
365605
365606
365607
365608
365609
365610
365611
365612
365613
365614
365615
365616
365617
365618
365619
365620
365621
365622
365623
365624
365625
365626
365627
365628
365629
365630
365631
365632
365633
365634
365635
365636
365637
365638
365639
365640
365641
365642
365643
365644
365645
365646
365647
365648
365649
2017-02-21 17:23 Refreshing browser
365650
365651
365652
365653
365654
365655
365656
365657
365658
365659
365660
365661
365662
365663
365664
365665
365666
365667
365668
365669
365670
365671
365672
365673
365674
365675
365676
365677
365678
365679
365680
365681
365682
365683
365684
365685
365686
365687
365688
365689
365690
365691
365692
365693
365694
365695
365696
365697
365698
365699
2017-02-21 17:27 Refreshing browser
365700
365701
365702
365703
365704
365705
365706
365707
365708
365709
365710
365711
365712
365713
365714
365715
365716
365717
365718
365719
365720
365721
365722
365723
365724
365725
365726
365727
365728
365729
365730
365731
365732
365733
365734
365735
365736
365737
365738
365739
365740
365741
365742
365743
365744
365745
365746
365747
365748
365749
2017-02-21 17:31 Refreshing browser
365750
365751
365752
365753
365754
365755
365756
365757
365758
365759
365760
365761
365762
365763
365764
365765
365766
365767
365768
365769
365770
365771
365772
365773
365774
365775
365776
365777
365778
365779
365780
365781
365782
365783
365784
365785
365786
365787
365788
365789
365790
365791
365792
365793
365794
365795
365796
365797
365798
365799
2017-02-21 17:35 Refreshing browser
365800
365801
365802
365803
365804
365805
365806
365807
365808
365809
365810
365811
365812
365813
365814
365815
365816
365817
365818
365819
365820
365821
365822
365823
365824
365825
365826
365827
365828
365829
365830
365831
365832
365833
365834
365835
365836
365837
365838
365839
365840
365841
365842
365843
365844
365845
365846
365847
365848
365849
2017-02-21 17:40 Refreshing browser
365850
365851
365852
365853
365854
365855
365856
365857
365858
365859
365860
365861
365862
365863
365864
365865
365866
365867
365868
365869
365870
365871
365872
365873
365874
365875
365876
365877
365878
365879
365880
365881
365882
365883
365884
365885
365886
365887
365888
365889
365890
365891
365892
365893
365894
365895
365896
365897
365898
365899
2017-02-21 17:44 Refreshing browser
365900
365901
365902
365903
365904
365905
365906
365907
365908
365909
365910
365911
365912
365913
365914
365915
365916
365917
365918
365919
365920
365921
365922
365923
365924
365925
365926
365927
365928
365929
365930
365931
365932
365933
365934
365935
365936
365937
365938
365939
365940
365941
365942
365943
365944
365945
365946
365947
365948
365949
2017-02-21 17:48 Refreshing browser
365950
365951
365952
365953
365954
365955
365956
365957
365958
365959
365960
365961
365962
365963
365964
365965
365966
365967
365968
365969
365970
365971
365972
365973
365974
365975
365976
365977
365978
365979
365980
365981
365982
365983
365984
365985
365986
365987
365988
365989
365990
365991
365992
365993
365994
365995
365996
365997
365998
365999
2017-02-21 17:52 Refreshing browser
366000
366001
366002
366003
366004
366005
366006
366007
366008
366009
366010
366011
366012
366013
366014
366015
366016
366017
366018
366019
366020
366021
366022
366023
366024
366025
366026
366027
366028
366029
366030
366031
366032
366033
366034
366035
366036
366037
366038
366039
366040
366041
366042
366043
366044
366045
366046
366047
366048
366049
2017-02-21 17:56 Refreshing browser
366050
366051
366052
366053
366054
366055
366056
366057
366058
366059
366060
366061
366062
366063
366064
366065
366066
366067
366068
366069
366070
366071
366072
366073
366074
366075
366076
366077
366078
366079
366080
366081
366082
366083
366084
366085
366086
366087
366088
366089
366090
366091
366092
366093
366094
366095
366096
366097
366098
366099
2017-02-21 18:00 Refreshing browser
366100
366101
366102
366103
366104
366105
366106
366107
366108
366109
366110
366111
366112
366113
366114
366115
366116
366117
366118
366119
366120
366121
366122
366123
366124
366125
366126
366127
366128
366129
366130
366131
366132
366133
366134
366135
366136
366137
366138
366139
366140
366141
366142
366143
366144
366145
366146
366147
366148
366149
2017-02-21 18:05 Refreshing browser
366150
366151
366152
366153
366154
366155
366156
366157
366158
366159
366160
366161
366162
366163
366164
366165
366166
366167
366168
366169
366170
366171
366172
366173
366174
366175
366176
366177
366178
366179
366180
366181
366182
366183
366184
366185
366186
366187
366188
366189
366190
366191
366192
366193
366194
366195
366196
366197
366198
366199
2017-02-21 18:09 Refreshing browser
366200
366201
366202
366203
366204
366205
366206
366207
366208
366209
366210
366211
366212
366213
366214
366215
366216
366217
366218
366219
366220
366221
366222
366223
366224
366225
366226
366227
366228
366229
366230
366231
366232
366233
366234
366235
366236
366237
366238
366239
366240
366241
366242
366243
366244
366245
366246
366247
366248
366249
2017-02-21 18:13 Refreshing browser
366250
366251
366252
366253
366254
366255
366256
366257
366258
366259
366260
366261
366262
366263
366264
366265
366266
366267
366268
366269
366270
366271
366272
366273
366274
366275
366276
366277
366278
366279
366280
366281
366282
366283
366284
366285
366286
366287
366288
366289
366290
366291
366292
366293
366294
366295
366296
366297
366298
366299
2017-02-21 18:17 Refreshing browser
366300
366301
366302
366303
366304
366305
366306
366307
366308
366309
366310
366311
366312
366313
366314
366315
366316
366317
366318
366319
366320
366321
366322
366323
366324
366325
366326
366327
366328
366329
366330
366331
366332
366333
366334
366335
366336
366337
366338
366339
366340
366341
366342
366343
366344
366345
366346
366347
366348
366349
2017-02-21 18:21 Refreshing browser
366350
366351
366352
366353
366354
366355
366356
366357
366358
366359
366360
366361
366362
366363
366364
366365
366366
366367
366368
366369
366370
366371
366372
366373
366374
366375
366376
366377
366378
366379
366380
366381
366382
366383
366384
366385
366386
366387
366388
366389
366390
366391
366392
366393
366394
366395
366396
366397
366398
366399
2017-02-21 18:25 Refreshing browser
366400
366401
366402
366403
366404
366405
366406
366407
366408
366409
366410
366411
366412
366413
366414
366415
366416
366417
366418
366419
366420
366421
366422
366423
366424
366425
366426
366427
366428
366429
366430
366431
366432
366433
366434
366435
366436
366437
366438
366439
366440
366441
366442
366443
366444
366445
366446
366447
366448
366449
2017-02-21 18:29 Refreshing browser
366450
366451
366452
366453
366454
366455
366456
366457
366458
366459
366460
366461
366462
366463
366464
366465
366466
366467
366468
366469
366470
366471
366472
366473
366474
366475
366476
366477
366478
366479
366480
366481
366482
366483
366484
366485
366486
366487
366488
366489
366490
366491
366492
366493
366494
366495
366496
366497
366498
366499
2017-02-21 18:33 Refreshing browser
366500
366501
366502
366503
366504
366505
366506
366507
366508
366509
366510
366511
366512
366513
366514
366515
366516
366517
366518
366519
366520
366521
366522
366523
366524
366525
366526
366527
366528
366529
366530
366531
366532
366533
366534
366535
366536
366537
366538
366539
366540
366541
366542
366543
366544
366545
366546
366547
366548
366549
2017-02-21 18:37 Refreshing browser
366550
366551
366552
366553
366554
366555
366556
366557
366558
366559
366560
366561
366562
366563
366564
366565
366566
366567
366568
366569
366570
366571
366572
366573
366574
366575
366576
366577
366578
366579
366580
366581
366582
366583
366584
366585
366586
366587
366588
366589
366590
366591
366592
366593
366594
366595
366596
366597
366598
366599
2017-02-21 18:41 Refreshing browser
366600
366601
366602
366603
366604
366605
366606
366607
366608
366609
366610
366611
366612
366613
366614
366615
366616
366617
366618
366619
366620
366621
366622
366623
366624
366625
366626
366627
366628
366629
366630
366631
366632
366633
366634
366635
366636
366637
366638
366639
366640
366641
366642
366643
366644
366645
366646
366647
366648
366649
2017-02-21 18:45 Refreshing browser
366650
366651
366652
366653
366654
366655
366656
366657
366658
366659
366660
366661
366662
366663
366664
366665
366666
366667
366668
366669
366670
366671
366672
366673
366674
366675
366676
366677
366678
366679
366680
366681
366682
366683
366684
366685
366686
366687
366688
366689
366690
366691
366692
366693
366694
366695
366696
366697
366698
366699
2017-02-21 18:49 Refreshing browser
366700
366701
366702
366703
366704
366705
366706
366707
366708
366709
366710
366711
366712
366713
366714
366715
366716
366717
366718
366719
366720
366721
366722
366723
366724
366725
366726
366727
366728
366729
366730
366731
366732
366733
366734
366735
366736
366737
366738
366739
366740
366741
366742
366743
366744
366745
366746
366747
366748
366749
2017-02-21 18:54 Refreshing browser
366750
366751
366752
366753
366754
366755
366756
366757
366758
366759
366760
366761
366762
366763
366764
366765
366766
366767
366768
366769
366770
366771
366772
366773
366774
366775
366776
366777
366778
366779
366780
366781
366782
366783
366784
366785
366786
366787
366788
366789
366790
366791
366792
366793
366794
366795
366796
366797
366798
366799
2017-02-21 18:58 Refreshing browser
366800
366801
366802
366803
366804
366805
366806
366807
366808
366809
366810
366811
366812
366813
366814
366815
366816
366817
366818
366819
366820
366821
366822
366823
366824
366825
366826
366827
366828
366829
366830
366831
366832
366833
366834
366835
366836
366837
366838
366839
366840
366841
366842
366843
366844
366845
366846
366847
366848
366849
2017-02-21 19:02 Refreshing browser
366850
366851
366852
366853
366854
366855
366856
366857
366858
366859
366860
366861
366862
366863
366864
366865
366866
366867
366868
366869
366870
366871
366872
366873
366874
366875
366876
366877
366878
366879
366880
366881
366882
366883
366884
366885
366886
366887
366888
366889
366890
366891
366892
366893
366894
366895
366896
366897
366898
366899
2017-02-21 19:06 Refreshing browser
366900
366901
366902
366903
366904
366905
366906
366907
366908
366909
366910
366911
366912
366913
366914
366915
366916
366917
366918
366919
366920
366921
366922
366923
366924
366925
366926
366927
366928
366929
366930
366931
366932
366933
366934
366935
366936
366937
366938
366939
366940
366941
366942
366943
366944
366945
366946
366947
366948
366949
2017-02-21 19:10 Refreshing browser
366950
366951
366952
366953
366954
366955
366956
366957
366958
366959
366960
366961
366962
366963
366964
366965
366966
366967
366968
366969
366970
366971
366972
366973
366974
366975
366976
366977
366978
366979
366980
366981
366982
366983
366984
366985
366986
366987
366988
366989
366990
366991
366992
366993
366994
366995
366996
366997
366998
366999
2017-02-21 19:14 Refreshing browser
367000
367001
367002
367003
367004
367005
367006
367007
367008
367009
367010
367011
367012
367013
367014
367015
367016
367017
367018
367019
367020
367021
367022
367023
367024
367025
367026
367027
367028
367029
367030
367031
367032
367033
367034
367035
367036
367037
367038
367039
367040
367041
367042
367043
367044
367045
367046
367047
367048
367049
2017-02-21 19:18 Refreshing browser
367050
367051
367052
367053
367054
367055
367056
367057
367058
367059
367060
367061
367062
367063
367064
367065
367066
367067
367068
367069
367070
367071
367072
367073
367074
367075
367076
367077
367078
367079
367080
367081
367082
367083
367084
367085
367086
367087
367088
367089
367090
367091
367092
367093
367094
367095
367096
367097
367098
367099
2017-02-21 19:22 Refreshing browser
367100
367101
367102
367103
367104
367105
367106
367107
367108
367109
367110
367111
367112
367113
367114
367115
367116
367117
367118
367119
367120
367121
367122
367123
367124
367125
367126
367127
367128
367129
367130
367131
367132
367133
367134
367135
367136
367137
367138
367139
367140
367141
367142
367143
367144
367145
367146
367147
367148
367149
2017-02-21 19:26 Refreshing browser
367150
367151
367152
367153
367154
367155
367156
367157
367158
367159
367160
367161
367162
367163
367164
367165
367166
367167
367168
367169
367170
367171
367172
367173
367174
367175
367176
367177
367178
367179
367180
367181
367182
367183
367184
367185
367186
367187
367188
367189
367190
367191
367192
367193
367194
367195
367196
367197
367198
367199
2017-02-21 19:30 Refreshing browser
